5934
5 15
5 124
4 656
4 1039
5 308
6 1074
6 1105
6 86
6 1000
7 465
8 872
10 709
10 828
10 160
12 215
12 623
12 787
12 793
12 1052
13 343
14 950
17 161
17 199
17 938
16 1042
18 152
19 1022
20 300
20 309
20 557
22 82
22 82
22 101
23 721
23 1101
24 180
26 508
27 694
27 973
29 301
28 526
29 725
28 1036
29 1003
30 808
30 1027
31 1034
29 1049
30 1072
31 141
31 141
32 904
32 393
33 649
33 738
34 552
34 147
34 251
36 356
36 368
36 368
37 388
36 969
37 1048
37 1048
38 378
37 441
38 467
38 467
38 623
38 623
38 113
38 514
39 1027
40 145
43 356
42 1081
44 508
44 402
45 455
44 569
44 569
44 870
45 940
45 8
46 450
46 450
48 26
49 129
48 177
49 669
49 683
48 854
48 861
49 467
49 607
50 185
51 499
51 271
51 271
52 964
52 105
52 241
53 312
52 984
54 56
54 56
54 119
55 146
58 462
59 8
59 129
60 630
59 709
60 808
60 316
63 244
63 244
64 378
63 996
65 11
65 705
66 37
66 166
66 461
66 461
65 830
67 645
67 645
68 265
69 281
69 281
69 788
70 179
69 239
70 293
70 396
70 465
70 271
70 622
70 622
72 661
73 126
73 126
74 149
73 1000
75 111
75 111
74 132
74 206
75 246
74 289
74 289
76 468
79 127
79 1020
78 1099
80 41
81 576
81 187
81 335
82 728
83 296
84 601
84 823
85 102
84 237
85 328
87 96
89 946
89 1045
92 615
94 1027
96 783
98 5
97 907
98 389
99 1057
99 1093
100 739
100 739
103 1013
103 1013
103 509
104 250
105 790
106 202
105 238
108 644
108 644
108 167
109 1006
110 335
110 684
111 380
111 589
112 635
111 1012
112 1061
113 739
114 500
113 846
114 426
114 509
114 1026
116 694
117 717
117 717
117 6
119 939
120 194
120 474
119 822
120 960
119 996
121 156
122 636
123 1060
125 56
125 707
125 707
124 761
124 965
126 431
127 404
128 305
128 348
129 132
128 426
129 1061
131 727
132 107
132 107
132 173
132 173
133 637
134 18
134 328
134 257
134 272
134 272
135 548
135 709
135 530
135 983
138 1010
139 819
139 114
139 114
141 512
142 534
142 534
143 443
144 846
144 846
145 971
145 517
145 517
145 530
146 413
146 413
148 61
148 230
149 534
151 927
151 927
152 313
152 707
153 1064
154 121
154 114
156 294
156 341
156 366
155 822
155 822
157 424
157 802
158 7
159 106
159 677
159 956
162 81
161 189
162 529
162 529
161 653
161 653
162 555
162 986
164 380
163 737
164 938
166 44
165 342
166 949
166 644
166 644
166 745
169 59
169 1017
171 490
171 354
171 354
172 553
172 675
172 1033
176 1017
176 200
178 234
179 596
180 277
180 776
180 811
179 964
179 964
182 398
183 835
183 958
183 501
184 582
183 736
184 550
185 167
185 293
186 303
185 568
186 441
186 441
186 441
188 332
188 1021
188 1021
192 208
192 762
192 891
192 389
192 389
193 69
194 128
194 332
193 635
193 885
193 1002
194 109
195 203
194 508
196 243
196 91
197 1021
198 392
199 386
199 386
200 621
200 718
199 744
201 322
201 460
201 534
200 540
200 1057
202 380
203 651
203 651
204 783
205 635
205 917
205 1104
206 299
206 418
206 418
209 167
208 214
209 550
209 550
209 640
209 516
209 828
210 1005
210 88
210 480
210 480
210 851
213 172
212 860
215 23
215 379
215 643
215 519
216 595
215 919
217 774
216 989
216 1036
217 166
217 432
218 879
218 1009
220 417
224 337
225 314
224 391
228 676
228 1030
229 1043
229 1043
231 609
231 609
230 1100
231 573
231 1004
232 1069
232 158
233 682
233 347
234 530
234 31
236 136
236 136
235 395
235 395
237 761
237 170
237 369
238 538
241 475
240 751
240 751
241 1029
244 115
244 115
243 1105
244 123
244 123
244 534
246 912
247 509
247 903
248 235
248 464
249 256
250 346
250 346
251 65
250 809
252 158
251 497
252 702
254 590
254 913
256 1017
255 1022
256 687
258 393
258 794
258 780
258 995
260 189
262 675
262 927
263 597
263 597
264 640
265 6
265 933
266 592
266 693
266 693
267 43
268 646
268 646
269 145
268 429
268 810
270 849
270 974
272 695
271 953
274 878
274 500
274 534
277 270
276 387
277 689
279 448
281 196
281 987
282 647
282 803
282 803
284 40
284 341
283 608
283 608
284 835
284 253
284 625
286 189
286 295
286 515
289 76
289 607
289 453
290 970
290 382
292 759
291 980
292 634
293 893
293 976
295 707
296 497
297 1098
298 149
298 974
299 1086
299 280
299 567
299 804
298 835
300 843
300 991
301 378
301 622
301 709
302 48
302 438
301 495
302 299
302 299
302 1060
305 466
306 607
309 113
310 1076
310 289
313 10
314 80
315 185
315 1042
315 156
316 316
317 191
318 338
317 569
317 749
319 521
324 1033
325 373
324 540
324 1005
325 1071
326 41
325 561
325 583
325 583
329 250
330 732
329 983
330 208
330 760
331 107
333 551
335 396
335 396
334 992
335 130
338 976
339 203
339 203
340 1052
340 1052
341 179
341 179
342 868
342 675
345 88
346 502
347 98
347 201
347 201
347 201
346 699
346 699
346 936
348 35
348 758
349 301
351 751
353 789
353 978
355 531
356 71
358 211
359 872
360 217
360 268
362 116
364 213
364 295
363 490
367 516
367 322
368 453
368 752
369 793
369 856
371 69
371 77
370 951
371 12
372 123
373 1084
373 1084
373 410
373 965
374 309
375 525
376 710
376 337
378 1100
380 533
379 555
380 682
381 152
382 584
383 169
384 842
384 842
386 747
388 430
388 430
391 1055
394 171
397 57
397 1025
399 233
400 624
399 1088
401 579
401 988
402 1094
402 307
402 492
405 469
404 983
405 679
406 624
407 802
407 989
408 200
409 84
408 354
408 354
409 182
409 938
411 62
411 954
411 1056
415 1000
416 292
417 327
418 629
417 1105
420 322
421 335
422 396
421 573
422 1001
422 63
423 149
423 303
423 681
423 1050
424 892
427 399
428 72
427 385
428 426
429 391
429 412
430 581
431 397
432 989
433 177
434 216
434 715
434 935
434 13
434 13
434 13
434 1076
436 1028
442 1103
443 547
444 419
446 37
446 103
446 103
450 532
451 1063
452 573
453 186
453 847
456 318
459 533
459 1029
460 262
460 144
462 11
461 214
463 902
463 1019
462 1042
463 709
463 942
464 1026
466 236
466 430
466 856
467 402
468 264
468 846
471 736
471 1047
472 12
471 95
471 470
472 89
473 612
474 655
474 43
475 813
474 903
477 9
477 111
476 459
477 737
476 756
477 776
478 183
483 108
483 719
482 806
485 79
485 385
486 573
489 300
489 445
490 197
492 1032
494 401
493 1055
495 58
496 94
497 779
498 87
497 614
498 620
497 991
498 1014
497 1105
498 282
499 388
499 587
501 171
500 269
501 530
501 603
502 717
501 1066
504 187
508 1011
509 999
510 1071
512 392
515 38
514 992
515 1005
515 1077
515 34
515 397
515 397
515 682
516 998
517 26
518 60
519 78
520 695
521 97
526 766
526 1007
529 1072
531 595
531 198
533 183
533 212
535 60
536 205
535 727
536 673
539 78
539 288
540 281
541 68
547 498
547 764
548 772
548 772
548 772
549 35
549 35
551 230
551 230
552 77
552 120
553 501
554 1056
556 44
558 121
560 303
560 405
561 713
561 1079
562 100
561 179
561 1092
562 754
565 777
566 440
565 450
566 482
566 120
566 471
567 422
567 522
569 95
569 1060
570 407
574 105
574 541
574 697
576 97
576 97
576 850
579 188
579 352
580 510
582 19
581 999
584 101
583 863
584 636
586 1054
588 278
588 354
589 686
588 998
588 1049
589 1059
589 77
590 1068
591 349
592 546
592 60
592 563
594 355
593 599
593 739
596 40
596 95
595 199
597 1100
598 1001
599 58
600 685
600 348
601 508
603 87
605 654
604 846
605 998
607 124
609 6
610 42
610 396
611 861
610 867
611 33
611 33
611 997
615 218
614 939
616 108
616 260
617 702
617 702
618 916
618 984
619 248
620 1085
623 522
623 577
625 54
624 374
625 667
626 920
626 959
626 959
629 541
631 276
630 615
631 1099
631 139
631 678
633 166
636 6
636 6
636 798
638 154
638 807
640 1086
640 1086
642 196
643 207
643 207
643 892
644 1031
646 1083
646 1083
646 1083
650 220
650 220
651 247
652 915
654 669
654 210
657 455
657 331
657 331
659 516
659 809
659 1091
659 47
659 628
661 37
663 590
666 902
666 1056
667 276
668 183
669 735
672 672
672 672
672 794
673 5
673 158
675 619
678 724
678 724
679 663
679 108
681 4
683 752
685 199
685 741
684 1096
686 779
686 210
687 272
686 663
686 790
688 811
689 88
689 474
689 486
689 576
690 695
693 445
694 797
696 823
698 591
698 830
699 777
700 475
702 505
704 224
705 358
705 735
707 399
706 417
706 729
708 16
710 637
712 39
712 829
713 203
713 669
717 116
717 116
716 189
717 385
716 704
716 704
719 416
721 569
721 797
723 217
723 364
723 817
723 828
725 142
724 716
726 1013
727 1103
731 112
731 206
730 860
732 272
733 139
733 527
735 367
735 800
736 12
735 66
736 150
738 249
737 361
738 135
739 163
740 649
739 1100
741 156
740 494
740 506
740 531
741 37
741 37
741 388
742 574
743 1048
743 1048
744 460
745 605
745 723
746 224
745 465
746 803
747 1036
747 1036
749 229
748 636
749 809
753 301
753 524
755 378
753 681
755 153
757 180
757 180
756 636
756 636
758 617
759 660
759 854
760 104
759 395
760 687
759 881
763 875
763 391
764 464
767 966
768 694
770 332
771 477
773 189
773 300
773 300
773 300
773 119
773 119
775 171
777 1004
778 162
777 1025
780 83
779 901
781 37
781 37
782 407
782 413
783 176
784 8
784 200
783 866
783 882
784 972
784 74
785 217
785 586
785 622
786 49
787 81
786 549
787 670
789 428
789 457
790 181
789 224
790 406
792 708
793 475
793 1072
794 87
794 87
795 1037
795 141
796 376
796 316
797 944
797 1014
798 671
799 681
801 431
801 792
803 317
805 415
804 504
804 39
804 234
804 463
805 415
807 438
808 105
808 339
808 697
809 1097
810 65
809 472
809 639
811 174
811 663
812 888
813 1016
813 133
813 634
814 716
816 301
816 458
820 505
820 505
820 871
822 461
822 515
823 1039
823 302
824 633
826 437
825 1014
827 223
829 571
829 571
829 841
832 931
834 371
834 817
834 827
836 365
838 1098
839 869
840 252
841 885
841 139
841 1074
842 913
842 1015
843 54
845 1022
846 976
846 433
847 667
848 368
848 765
849 774
849 841
850 177
849 924
852 236
852 727
852 727
856 970
856 614
856 614
858 745
857 757
859 867
863 545
862 1086
864 189
863 296
863 756
865 172
866 715
867 727
867 183
867 908
867 946
867 1038
869 118
869 285
868 1002
870 231
870 366
870 651
870 628
870 628
870 747
872 872
872 151
872 319
873 327
873 998
874 633
874 734
875 779
876 378
878 108
879 962
880 1006
881 1099
883 919
886 834
887 863
889 73
889 896
890 822
892 836
892 881
892 946
894 852
894 852
895 177
894 898
896 340
896 684
896 792
896 693
898 1007
898 1007
899 1030
901 105
902 1057
902 997
903 1009
903 1009
904 991
904 991
908 890
909 1096
910 874
911 8
913 896
913 417
913 683
914 844
913 889
914 976
914 1065
916 89
916 355
918 984
918 984
919 927
920 1076
921 690
923 864
925 440
929 500
928 1044
930 960
931 972
931 1048
933 66
932 860
932 1037
936 378
936 282
936 817
937 829
937 1103
938 964
941 130
943 270
944 766
944 766
945 1003
946 1044
946 1077
948 160
948 287
948 870
949 231
949 100
950 442
951 734
952 994
953 926
955 188
955 880
955 942
956 212
955 965
956 212
957 280
958 705
959 774
958 949
961 802
961 1068
962 263
962 885
963 972
963 972
963 1077
964 71
965 460
965 252
966 378
965 798
965 1084
967 407
968 750
968 750
969 574
970 372
970 372
970 866
970 200
970 507
971 693
973 1036
974 750
975 798
975 299
975 299
975 713
975 918
975 918
979 283
980 401
981 899
983 643
983 685
985 394
984 522
985 797
985 1036
986 190
986 190
986 190
986 927
988 199
989 483
989 638
989 1074
990 117
991 235
991 797
992 620
992 1078
993 803
992 1036
994 390
996 256
996 256
996 665
997 418
997 418
997 797
996 1072
998 395
998 540
1000 112
1000 654
1003 250
1003 1071
1003 664
1004 393
1008 385
1009 242
1008 378
1009 719
1010 233
1011 796
1011 831
1011 831
1012 665
1012 758
1012 57
1013 122
1013 390
1013 724
1014 346
1015 378
1015 683
1015 574
1016 720
1015 754
1016 332
1017 730
1018 511
1018 645
1019 749
1018 1086
1019 705
1020 711
1019 1098
1019 1098
1021 393
1024 136
1024 186
1024 331
1024 967
1025 57
1026 451
1026 826
1026 826
1025 1068
1028 856
1028 711
1028 711
1029 683
1030 706
1030 846
1031 363
1031 622
1031 622
1033 1095
1033 72
1034 475
1033 481
1033 758
1033 787
1035 133
1035 234
1035 966
1035 1104
1037 801
1038 406
1037 857
1037 1026
1038 638
1040 306
1038 638
1041 600
1045 686
1045 585
1048 755
1048 190
1048 392
1048 906
1048 906
1049 981
1051 843
1051 368
1052 385
1052 818
1053 154
1053 1000
1057 610
1057 610
1059 367
1059 367
1059 616
1062 540
1063 608
1063 1000
1064 1037
1066 888
1066 457
1066 929
1069 600
1068 883
1069 1004
1070 897
1072 18
1072 103
1072 186
1072 186
1071 567
1072 1087
1072 13
1073 560
1075 901
1075 1092
1075 734
1076 128
1077 514
1076 942
1076 1004
1078 375
1078 375
1077 570
1078 955
1079 395
1080 67
1080 415
1081 424
1083 540
1083 734
1084 930
1085 8
1085 635
1086 158
1086 350
1086 350
1085 1058
1087 1031
1089 578
1091 374
1090 835
1090 915
1091 402
1091 418
1092 973
1093 987
1092 999
1093 830
1093 945
1094 43
1095 36
1096 576
1096 420
1096 905
1097 930
1098 70
1097 413
1098 639
1100 254
1100 924
1102 35
1102 886
1101 962
1101 962
1102 810
1104 703
1103 982
1104 47
1104 609
1105 718
1105 965
1106 897
1107 216
1107 432
1107 1058
1107 1058
1108 9
1109 110
1108 956
1109 85
1109 152
1111 515
1110 560
1111 635
1112 168
1113 985
1114 1001
1115 160
1115 720
1115 7
1116 28
1115 263
1116 127
1116 898
1117 119
1118 164
1118 399
1118 928
1120 248
1120 886
1123 372
1123 785
1124 940
1124 940
1124 325
1125 1057
1124 1080
1126 165
1127 34
1128 752
1128 752
1129 70
1130 346
1132 194
1132 194
1132 194
1132 964
1132 1048
1134 48
1133 862
1133 997
1135 767
1135 767
1134 906
1134 916
1135 934
1136 977
1137 697
1138 725
1137 956
1137 956
1137 991
1138 417
1138 490
1139 533
1139 533
1139 540
1139 718
1141 797
1142 552
1143 327
1144 340
1145 443
1145 493
1146 607
1146 810
1145 926
1146 630
1147 803
1148 101
1148 101
1148 685
1148 685
1149 716
1148 906
1148 906
1148 934
1148 934
1150 86
1150 96
1150 96
1152 631
1153 506
1152 649
1153 775
1152 1089
1153 35
1154 494
1155 91
1155 636
1155 713
1155 903
1155 903
1155 948
1155 948
1157 656
1158 307
1160 292
1161 690
1161 981
1162 299
1162 672
1164 773
1165 113
1165 522
1164 800
1165 370
1166 754
1166 923
1166 269
1166 934
1167 260
1167 413
1169 7
1168 277
1169 408
1168 815
1170 251
1169 330
1171 188
1171 188
1173 361
1174 626
1173 750
1173 782
1174 1090
1174 1090
1175 350
1175 698
1176 686
1177 5
1180 314
1179 976
1181 61
1182 802
1182 403
1182 403
1184 426
1184 646
1185 677
1187 421
1187 897
1188 909
1189 629
1193 458
1193 458
1192 1017
1193 749
1193 749
1195 911
1196 46
1197 688
1197 709
1197 492
1198 639
1197 950
1199 927
1199 183
1199 183
1199 183
1202 517
1201 582
1202 677
1202 911
1202 366
1202 366
1203 829
1204 1075
1205 390
1205 807
1205 916
1207 519
1206 535
1207 786
1207 958
1208 588
1207 660
1207 680
1207 680
1208 967
1208 967
1209 273
1208 298
1209 102
1210 642
1211 1058
1211 906
1213 258
1213 313
1212 976
1214 383
1215 270
1215 623
1218 592
1217 644
1217 916
1218 1041
1218 156
1219 257
1219 257
1219 329
1218 363
1218 715
1219 968
1219 26
1219 26
1220 272
1219 425
1219 513
1219 513
1220 203
1221 262
1220 567
1221 1063
1221 497
1222 1084
1223 908
1224 319
1224 415
1225 1078
1226 429
1226 429
1226 205
1226 915
1227 1047
1227 1047
1227 128
1227 494
1228 1035
1228 742
1229 747
1230 301
1229 624
1229 624
1230 230
1231 296
1231 296
1231 474
1231 484
1231 567
1231 907
1232 999
1233 203
1233 358
1233 596
1234 641
1234 641
1235 331
1234 899
1236 29
1236 881
1239 968
1239 551
1239 551
1240 716
1239 732
1239 831
1241 686
1242 353
1241 655
1243 272
1242 540
1243 61
1244 188
1244 188
1244 268
1246 17
1246 17
1246 518
1247 964
1248 935
1247 1011
1248 658
1249 599
1249 739
1250 555
1250 707
1250 707
1252 296
1251 1027
1252 511
1254 672
1255 869
1255 139
1255 139
1255 600
1256 642
1256 1001
1256 1001
1256 245
1257 968
1258 99
1258 652
1258 957
1260 542
1260 1027
1261 332
1262 156
1262 932
1263 623
1266 77
1267 986
1267 254
1268 935
1268 304
1269 887
1270 517
1271 930
1270 1006
1272 112
1271 160
1273 523
1273 1066
1274 577
1275 117
1276 127
1276 351
1278 651
1278 651
1278 657
1279 274
1279 343
1282 130
1281 1028
1283 236
1283 282
1283 496
1283 544
1284 112
1284 162
1284 767
1284 767
1284 773
1286 539
1285 720
1287 60
1287 431
1288 416
1288 422
1287 886
1288 121
1288 194
1289 488
1289 488
1290 738
1289 802
1290 918
1291 1023
1291 628
1292 509
1294 484
1294 484
1293 816
1294 1096
1295 12
1294 455
1294 491
1296 218
1296 218
1296 413
1296 831
1298 441
1298 441
1300 330
1300 656
1300 741
1300 986
1300 1101
1302 746
1302 746
1302 547
1302 952
1303 1096
1303 1096
1304 8
1303 1055
1304 721
1304 991
1304 998
1306 849
1308 238
1308 634
1307 1017
1307 1017
1308 952
1310 316
1310 316
1310 1050
1310 1069
1310 388
1310 388
1312 114
1311 629
1312 640
1313 205
1313 1000
1313 1016
1314 279
1314 163
1315 898
1316 785
1316 805
1316 805
1316 821
1316 838
1318 38
1317 64
1317 738
1317 738
1318 908
1318 908
1320 491
1320 1101
1321 158
1321 158
1321 877
1320 926
1321 402
1321 1051
1321 1095
1321 1095
1324 909
1326 559
1326 805
1325 1102
1326 323
1327 394
1328 455
1329 289
1329 317
1329 546
1330 682
1331 47
1331 398
1331 398
1330 941
1330 941
1332 519
1332 998
1331 1048
1332 156
1333 542
1332 589
1332 934
1333 562
1333 886
1334 1096
1334 1096
1335 384
1335 512
1335 850
1337 87
1337 352
1339 16
1340 335
1339 890
1339 909
1341 96
1341 420
1341 794
1342 222
1343 327
1342 1056
1343 121
1347 172
1346 820
1346 877
1347 1101
1347 225
1348 546
1347 947
1348 154
1348 204
1348 734
1349 517
1351 45
1351 912
1352 846
1352 846
1353 443
1352 854
1354 200
1354 495
1354 554
1355 128
1355 519
1355 662
1356 325
1356 325
1358 289
1357 448
1358 686
1358 841
1359 304
1360 720
1360 990
1361 381
1361 487
1361 523
1362 116
1363 411
1363 801
1364 237
1364 418
1364 418
1363 506
1363 617
1365 48
1365 816
1365 161
1365 394
1365 394
1366 11
1366 459
1366 1101
1369 553
1373 83
1372 203
1373 241
1373 760
1373 416
1375 153
1377 696
1376 1091
1377 782
1378 863
1380 22
1379 60
1379 408
1379 423
1379 423
1381 378
1381 1010
1382 316
1382 10
1382 840
1384 262
1383 866
1385 56
1385 496
1384 711
1384 800
1384 800
1385 816
1385 74
1386 223
1386 629
1386 770
2 1051
2 1051
3 929
5 758
5 758
7 638
6 1031
6 1031
7 1098
7 1098
9 94
9 896
9 1044
14 665
14 490
16 838
16 838
16 930
17 115
19 734
21 108
21 172
20 1055
25 487
24 226
25 356
25 768
25 768
26 335
26 335
34 24
35 888
36 472
37 492
36 677
38 455
39 715
40 229
39 253
40 553
41 39
42 859
44 443
44 443
44 493
45 501
45 501
45 501
45 969
45 1030
47 266
49 109
50 158
50 797
51 454
51 454
51 507
52 629
54 39
54 39
54 639
56 946
56 1014
58 113
58 388
58 1021
59 238
59 787
59 940
61 467
61 467
60 666
61 947
62 138
63 508
64 250
66 258
68 115
68 76
70 362
69 369
72 760
75 157
75 316
76 448
76 544
76 54
80 637
80 218
82 763
83 55
85 405
84 490
85 968
85 420
86 1024
85 1036
87 383
87 129
88 362
90 705
90 240
90 389
92 203
95 97
101 119
101 756
102 610
102 998
105 566
108 340
107 1097
108 349
111 675
111 675
116 701
119 361
120 255
119 669
121 739
122 247
124 198
127 355
128 112
128 225
128 805
128 38
131 219
131 279
131 279
132 439
133 264
133 618
133 675
135 477
135 898
137 40
136 394
137 139
139 132
139 168
139 49
141 493
141 726
141 713
146 448
145 864
146 91
146 569
149 6
148 752
148 752
148 137
150 784
158 767
160 675
159 945
160 331
161 581
162 1034
162 1034
162 401
166 104
166 1061
167 169
168 211
167 732
169 955
169 1054
171 943
172 390
171 571
172 462
174 709
173 779
174 415
176 425
179 981
180 1031
181 91
185 466
185 466
185 870
186 126
186 355
186 355
186 355
188 399
188 321
191 784
191 876
192 464
192 549
192 549
193 1041
193 270
194 516
194 450
194 961
195 486
195 486
200 151
199 581
200 470
200 470
201 499
200 826
202 405
202 849
202 991
202 433
204 4
205 1032
208 94
208 140
209 408
209 408
208 524
210 199
210 291
210 990
210 220
214 61
214 337
213 1047
214 453
215 615
215 636
217 16
217 222
219 948
220 894
221 254
221 254
221 485
221 518
221 642
224 574
224 6
225 842
225 842
226 186
228 235
228 723
230 77
232 604
234 870
234 1026
236 720
236 720
237 677
238 621
238 662
238 662
240 650
240 23
241 723
243 870
244 1091
244 173
244 173
245 606
244 1068
246 730
246 730
247 657
247 146
248 465
247 689
252 223
251 426
251 735
252 1054
253 580
252 790
254 482
254 542
255 636
256 874
255 1047
257 1068
257 37
260 604
261 614
261 1054
261 356
262 504
263 982
266 123
265 652
266 892
266 161
267 1006
269 1068
270 55
270 749
270 749
271 768
273 179
273 757
276 964
276 508
279 295
282 397
283 951
287 6
288 220
287 640
288 504
289 614
289 614
291 599
291 62
292 960
296 120
300 1017
301 1041
303 821
302 984
305 243
313 261
312 518
312 698
313 99
314 126
314 457
316 235
320 423
322 531
324 6
326 1092
327 24
328 916
329 433
329 533
330 132
331 581
333 325
334 551
336 1066
337 628
338 1004
343 245
346 327
347 9
348 65
351 410
352 93
357 938
358 1101
357 994
358 263
359 463
359 463
359 964
361 8
362 229
364 36
367 481
367 481
366 787
370 263
369 731
370 249
370 424
372 840
372 222
374 1022
377 13
377 71
377 608
378 739
380 517
382 53
381 191
381 506
383 734
383 1023
385 64
387 180
387 528
388 967
387 1066
390 72
390 733
391 109
392 522
391 992
392 389
393 1084
397 195
397 547
398 982
398 982
403 708
405 714
407 528
410 90
412 5
412 17
412 740
415 353
415 828
417 172
417 201
419 241
419 309
422 287
424 259
425 909
425 444
426 1092
427 29
428 591
428 591
427 1008
428 1041
431 741
433 405
434 265
434 825
433 1052
434 36
436 768
439 661
441 225
445 832
446 717
446 749
446 749
447 330
448 643
448 866
451 727
452 444
452 1053
455 928
455 900
458 584
458 584
459 29
459 736
459 736
458 757
460 130
460 920
460 867
464 52
464 660
466 917
466 917
467 909
468 59
470 826
473 49
474 1060
474 769
476 383
476 562
480 1087
481 474
484 63
484 828
487 1008
491 81
491 617
495 447
495 1092
497 73
496 140
497 291
500 656
506 77
506 848
508 107
507 402
509 165
511 591
513 47
514 104
514 104
515 253
516 1102
518 68
527 1065
529 78
530 268
531 542
532 699
533 784
535 109
538 194
537 1023
539 400
540 151
540 659
542 270
543 321
544 16
545 46
544 130
545 219
550 165
553 220
553 220
558 352
557 385
559 692
561 52
565 1070
568 391
572 514
575 279
575 1001
576 48
580 1049
579 1105
581 694
582 1008
582 1037
582 1077
584 48
587 174
587 449
589 1005
590 1104
592 331
594 554
593 618
597 70
599 571
601 46
601 1084
601 1084
601 663
602 871
603 64
603 129
605 831
607 621
609 147
613 1038
617 17
618 94
621 403
622 258
624 1098
626 84
628 160
629 850
630 183
630 838
632 586
632 921
636 653
638 1040
638 128
642 803
643 226
646 874
647 370
648 202
654 379
655 461
656 523
656 835
657 661
660 850
660 958
665 474
665 817
665 1086
665 1086
667 626
669 459
669 418
670 744
670 757
670 587
674 818
677 344
677 349
678 203
678 247
679 474
679 474
683 801
683 255
683 255
684 624
685 762
686 238
686 238
685 670
686 538
686 709
690 192
690 820
690 205
690 205
693 532
695 352
695 481
695 481
696 657
696 469
698 573
699 669
702 663
701 810
703 237
704 620
706 720
706 584
708 425
709 595
712 111
711 182
712 318
715 596
718 473
717 731
717 169
720 179
724 375
726 234
725 325
727 181
726 1095
726 1095
729 100
729 585
729 221
730 799
730 601
733 825
734 90
734 748
734 738
736 642
736 642
737 795
739 950
740 451
742 736
745 553
745 568
745 568
745 694
745 694
746 796
746 796
747 180
746 352
746 352
747 446
747 685
748 985
751 264
751 1095
753 93
754 897
754 66
754 437
756 80
757 887
757 807
757 887
759 89
762 638
762 638
762 676
766 742
766 981
767 549
768 386
768 687
769 906
771 286
772 142
773 404
773 639
774 376
776 911
777 181
777 647
781 419
782 874
782 874
783 58
785 804
785 804
786 148
787 366
786 499
787 1048
787 90
789 172
790 68
791 104
792 98
794 450
794 569
794 906
796 581
796 649
797 261
797 261
798 865
799 765
800 82
800 200
802 648
802 305
802 305
802 521
803 888
806 944
807 207
807 56
807 84
808 1042
808 985
810 257
811 140
811 158
814 442
814 523
816 625
815 934
816 943
817 613
819 173
820 222
823 239
823 339
825 452
827 255
827 255
827 475
826 962
830 878
833 490
837 385
839 822
844 157
849 546
849 891
851 600
850 1028
853 145
853 207
854 830
854 830
855 48
858 699
858 463
858 463
859 688
859 738
860 821
860 41
861 126
861 439
861 618
861 618
862 1017
866 579
867 740
868 667
871 301
871 833
874 218
874 225
874 251
876 548
876 548
877 439
876 746
878 318
877 754
879 295
880 638
880 638
883 138
884 385
887 905
887 905
888 1011
888 1011
892 963
891 1019
891 1019
893 725
893 725
893 739
892 835
893 907
892 1052
894 1044
895 73
898 88
902 912
902 104
904 865
907 339
910 992
910 992
910 1036
914 277
914 338
919 892
923 866
923 866
925 1001
927 591
929 354
929 389
929 477
931 449
931 1078
934 704
934 704
934 704
935 909
936 91
938 61
938 61
937 901
944 814
946 1084
946 847
949 514
948 1009
949 1050
949 203
951 1023
952 145
953 690
953 749
955 333
955 985
956 136
960 874
960 193
960 193
961 289
962 540
963 494
964 756
965 122
965 602
965 788
967 697
969 907
969 1091
970 466
970 762
971 887
972 679
972 679
973 744
975 211
976 362
976 699
975 1078
977 4
976 186
976 947
979 1025
982 718
982 811
982 819
982 907
981 1078
982 41
983 267
983 756
985 927
988 168
990 718
990 1052
990 356
993 1067
994 538
995 562
997 243
996 875
996 1059
998 743
998 743
999 149
1000 624
1000 684
1001 342
1002 196
1004 365
1005 740
1007 1102
1009 336
1009 82
1011 405
1011 405
1012 839
1012 66
1012 1079
1013 786
1017 234
1019 103
1026 254
1028 101
1027 160
1028 781
1028 781
1027 811
1030 415
1031 466
1031 466
1034 423
1035 1087
1036 563
1040 68
1040 722
1042 789
1043 388
1046 658
1047 565
1049 799
1054 134
1053 540
1053 791
1055 100
1055 336
1057 995
1060 762
1062 255
1063 488
1063 838
1063 838
1064 715
1064 715
1063 945
1065 622
1064 919
1065 1058
1065 630
1066 763
1068 988
1070 606
1069 906
1069 924
1077 627
1079 698
1079 312
1080 393
1081 621
1081 878
1081 327
1081 327
1081 336
1081 336
1083 7
1082 1006
1083 585
1084 686
1084 370
1089 1009
1089 1103
1091 886
1092 1046
1092 1046
1092 1077
1093 254
1095 153
1096 645
1096 645
1095 713
1098 654
1099 1001
1099 1001
1101 443
1101 670
1105 617
1105 617
1104 1103
1106 643
1107 77
1109 734
1110 967
1111 624
1111 887
1113 672
1114 289
1116 755
1115 107
1116 531
1117 619
1117 619
1117 279
1117 713
1118 978
1120 268
1119 950
1119 950
1122 347
1123 392
1123 778
1123 971
1125 407
1126 964
1126 964
1127 723
1127 951
1128 319
1128 432
1129 526
1128 906
1128 906
1128 906
1129 923
1129 975
1129 975
1140 1064
1142 362
1142 362
1142 948
1142 948
1144 291
1145 887
1146 741
1148 915
1148 915
1148 540
1152 291
1150 499
1151 642
1151 662
1152 679
1153 342
1153 574
1153 574
1153 756
1154 600
1154 600
1156 582
1156 924
1156 141
1158 79
1158 79
1159 148
1159 392
1159 645
1159 645
1160 751
1159 930
1161 807
1161 807
1162 94
1166 82
1165 887
1167 915
1170 769
1172 388
1172 128
1173 369
1173 932
1173 932
1175 731
1177 762
1178 1078
1180 925
1180 667
1180 829
1181 813
1181 900
1182 1094
1183 368
1186 520
1186 1063
1186 683
1186 758
1186 758
1187 834
1187 834
1188 697
1187 1025
1189 886
1191 465
1192 853
1191 981
1192 433
1192 674
1196 307
1196 492
1197 10
1202 461
1204 129
1203 603
1205 950
1205 1052
1207 94
1208 774
1209 812
1209 812
1208 1005
1209 370
1209 710
1209 1079
1211 35
1210 461
1212 194
1212 721
1213 435
1215 346
1215 808
1216 7
1216 292
1219 476
1220 166
1221 987
1223 8
1223 244
1222 737
1223 470
1223 470
1225 15
1224 32
1225 311
1226 222
1226 235
1226 450
1228 56
1228 790
1229 290
1229 290
1230 323
1230 1090
1232 500
1232 797
1234 38
1234 737
1235 81
1235 81
1235 345
1237 1082
1237 488
1240 1089
1241 620
1243 55
1243 1098
1244 279
1244 279
1245 613
1245 916
1246 369
1246 1082
1249 118
1248 530
1248 530
1248 950
1252 1087
1252 309
1254 93
1254 819
1256 712
1258 864
1260 500
1260 500
1261 850
1262 364
1262 826
1262 826
1261 879
1263 530
1263 323
1263 323
1266 625
1267 53
1270 120
1271 72
1270 530
1271 83
1272 168
1273 866
1276 884
1277 99
1277 490
1277 777
1280 248
1280 248
1280 572
1279 929
1281 48
1281 211
1281 184
1281 892
1284 82
1284 466
1283 976
1286 573
1287 877
1287 503
1288 652
1288 908
1290 341
1289 843
1289 1051
1290 1086
1292 8
1292 8
1291 396
1292 900
1293 175
1293 882
1293 497
1295 316
1294 648
1296 228
1296 228
1297 30
1297 846
1299 37
1298 181
1299 825
1300 156
1300 1017
1301 1007
1302 319
1304 161
1305 475
1306 255
1306 645
1305 835
1306 693
1306 693
1308 245
1307 337
1307 427
1310 264
1312 79
1313 87
1313 138
1313 56
1315 852
1316 973
1316 757
1316 757
1318 116
1317 632
1318 661
1319 954
1320 178
1320 585
1320 925
1320 1028
1321 445
1324 140
1324 1017
1324 617
1325 794
1325 497
1326 9
1329 674
1330 663
1329 699
1335 526
1335 738
1335 8
1336 672
1336 41
1336 41
1336 357
1337 633
1338 284
1338 311
1338 614
1339 568
1342 867
1344 480
1345 686
1346 893
1348 330
1348 867
1350 348
1351 643
1351 658
1351 55
1352 251
1351 689
1354 21
1354 38
1354 213
1353 790
1354 822
1355 188
1356 526
1358 873
1358 888
1357 908
1358 1050
1359 316
1360 24
1360 164
1360 243
1361 263
1361 625
1361 454
1361 584
1364 430
1364 864
1365 593
1366 149
1367 1018
1367 412
1370 519
1371 105
1372 374
1371 503
1375 272
1375 622
1376 471
1376 471
1376 259
1377 206
1378 4
1378 745
1378 745
1380 395
1380 991
1381 51
1381 1102
1383 356
1383 40
1384 80
1384 80
1383 202
1385 977
7 820
8 801
9 147
9 737
12 814
12 814
14 861
14 429
14 429
15 461
15 506
15 506
16 67
15 449
17 208
17 1034
21 13
23 471
24 1069
27 168
27 787
31 230
33 7
36 15
35 33
36 445
36 445
37 482
37 777
37 777
38 865
38 865
39 1017
41 704
41 410
44 343
44 461
46 475
48 335
53 565
54 677
55 995
56 742
56 742
57 866
57 1030
59 132
58 275
58 275
61 622
63 409
67 60
67 900
68 735
73 342
75 930
76 54
76 477
77 432
79 205
78 218
79 989
84 93
82 320
83 110
84 997
92 1065
93 657
96 679
98 973
99 618
98 669
102 18
101 402
101 402
104 96
103 658
106 395
106 395
108 356
108 356
111 141
112 586
113 818
113 808
114 855
117 1010
123 834
124 459
125 369
128 339
130 81
133 415
133 314
135 746
138 992
139 95
139 1032
143 361
142 1019
143 291
146 720
146 547
148 208
148 6
149 219
150 354
151 326
154 501
157 938
158 1044
159 135
162 902
163 478
163 503
162 886
164 875
165 441
165 860
167 699
167 643
167 643
170 332
171 688
170 883
172 497
175 210
178 66
178 66
178 359
177 506
179 939
181 488
181 488
182 665
182 665
181 727
184 387
185 413
185 413
184 501
184 501
187 64
187 64
187 339
187 523
192 479
194 85
200 397
200 397
203 891
206 391
206 696
209 922
213 273
214 468
213 655
215 845
215 845
215 845
216 298
217 148
220 894
220 462
222 65
222 599
224 730
224 730
225 387
225 702
227 898
226 988
227 176
228 616
232 91
232 605
237 203
240 597
243 55
245 616
247 396
247 878
248 1011
248 23
249 962
252 125
251 338
253 55
252 403
254 744
254 711
255 729
255 729
255 729
257 129
261 761
263 731
263 731
263 944
264 685
264 75
272 69
272 69
273 667
275 373
274 1059
276 489
276 606
276 606
277 589
278 61
279 678
280 883
285 70
285 70
284 474
285 1067
286 589
290 1055
291 164
291 409
292 12
294 175
294 374
298 269
300 409
301 814
302 10
303 821
306 70
306 284
306 284
308 143
309 1055
316 244
318 863
324 238
328 101
328 916
327 1018
329 63
328 331
330 829
333 841
335 51
335 142
339 639
340 677
342 908
342 908
342 211
343 490
348 238
348 81
350 469
350 996
352 187
351 280
352 897
352 897
357 80
358 1101
359 1020
365 500
370 233
373 464
375 51
377 389
379 124
383 792
382 804
382 823
385 386
387 47
392 121
393 387
397 165
397 457
397 806
399 231
411 932
411 932
413 983
414 29
414 29
421 73
423 141
423 733
424 929
424 929
425 1001
424 1024
425 4
426 662
432 291
433 713
434 733
434 628
438 942
438 1096
440 845
441 724
442 781
444 667
447 527
447 741
451 548
450 620
452 892
451 1091
453 1063
454 141
456 629
457 846
462 76
462 179
463 356
465 1036
475 973
474 832
476 1071
477 519
484 902
484 902
488 854
490 1037
490 429
490 1102
496 324
503 312
506 389
508 719
510 268
510 566
516 222
516 356
515 918
515 918
518 187
521 396
521 50
524 432
524 1016
525 997
526 22
529 56
532 492
532 506
533 244
534 1097
537 676
538 558
546 502
548 753
550 923
550 923
552 268
558 745
562 511
561 575
564 185
565 79
568 380
576 47
576 212
578 122
589 441
589 851
593 147
594 51
597 28
596 669
598 103
598 648
597 857
597 963
597 607
597 607
600 142
601 336
604 463
604 1037
605 30
607 14
611 725
615 514
617 852
621 660
621 626
625 278
628 173
634 204
636 435
644 501
644 95
644 95
646 239
648 736
651 695
653 71
656 732
656 842
662 307
663 559
665 495
670 352
671 730
671 317
671 317
674 700
677 510
680 326
678 474
680 842
682 101
682 101
685 593
686 775
687 507
687 507
700 432
700 565
703 88
704 485
706 584
711 182
711 182
713 806
713 806
720 292
720 467
725 728
726 392
729 593
730 247
734 739
736 287
737 585
737 585
740 561
742 119
744 637
745 759
747 724
750 363
753 844
753 844
753 114
754 577
757 468
758 235
759 160
758 498
764 410
765 402
765 701
766 596
766 941
770 57
772 40
777 29
777 126
779 154
779 195
780 399
782 693
783 991
789 577
790 274
790 969
791 242
792 194
792 194
791 915
793 979
794 303
794 315
796 897
797 7
799 106
799 213
800 880
799 994
801 149
811 898
825 840
827 592
826 667
832 937
834 508
833 1021
836 622
836 622
840 946
843 898
845 200
847 240
847 240
852 599
856 366
856 366
859 260
860 710
861 387
861 387
862 967
871 1023
872 1053
874 313
882 970
883 596
884 946
884 1025
885 618
888 954
891 16
893 101
893 750
902 582
902 582
905 635
911 441
911 441
916 347
917 367
920 37
921 857
930 963
936 91
938 771
939 1029
941 372
944 1016
944 922
946 315
946 315
952 530
955 700
955 891
955 840
957 369
957 94
959 970
963 961
965 943
969 415
970 664
969 805
970 907
970 989
974 840
975 518
977 960
979 315
980 650
982 243
983 711
984 887
985 333
987 839
989 274
989 274
993 707
995 960
995 960
998 840
999 397
1000 733
1000 611
1000 1053
1007 225
1007 973
1010 1052
1010 875
1017 988
1017 988
1017 443
1019 636
1020 400
1021 897
1023 213
1023 738
1024 12
1026 792
1027 889
1028 233
1029 699
1030 1044
1034 149
1034 876
1035 167
1035 199
1036 781
1039 736
1041 812
1041 812
1043 1080
1051 838
1051 838
1052 1047
1052 403
1053 1056
1053 874
1054 412
1055 771
1059 1079
1059 464
1060 970
1061 22
1063 689
1063 689
1066 820
1065 959
1066 180
1066 180
1067 988
1070 949
1073 164
1073 241
1073 331
1073 978
1074 488
1074 488
1074 505
1074 505
1073 702
1074 869
1077 279
1078 313
1078 496
1080 563
1081 1047
1083 730
1089 426
1092 592
1092 592
1095 1057
1097 703
1097 104
1100 592
1100 592
1098 1034
1109 725
1109 277
1109 942
1110 28
1109 725
1110 743
1110 743
1110 805
1111 1076
1112 594
1113 522
1113 522
1117 140
1120 958
1124 517
1124 705
1125 915
1124 1043
1125 854
1127 596
1128 337
1130 41
1130 220
1132 730
1131 809
1133 575
1134 422
1134 748
1136 787
1136 787
1138 1074
1142 463
1143 80
1142 319
1144 992
1145 527
1148 159
1147 580
1151 172
1151 462
1156 802
1159 940
1159 620
1160 582
1163 1087
1164 438
1164 954
1164 954
1165 269
1164 446
1166 1070
1167 395
1171 220
1171 220
1172 492
1171 978
1171 978
1173 299
1175 516
1175 516
1175 459
1179 384
1181 987
1182 599
1183 276
1186 81
1186 156
1186 943
1186 970
1191 282
1193 525
1194 693
1195 1006
1196 958
1198 532
1199 980
1201 446
1201 446
1209 43
1209 43
1214 140
1215 248
1218 567
1222 82
1222 110
1225 159
1225 548
1225 811
1230 401
1231 729
1233 252
1238 830
1241 292
1241 923
1244 575
1244 744
1244 744
1249 317
1251 811
1253 482
1255 562
1255 592
1257 268
1261 897
1264 23
1266 609
1266 609
1266 872
1267 487
1267 537
1268 945
1268 956
1272 43
1274 602
1274 602
1277 290
1276 304
1278 477
1279 418
1280 759
1280 966
1284 287
1286 708
1288 249
1292 49
1292 520
1291 1095
1294 672
1295 776
1296 258
1297 691
1297 691
1297 916
1298 375
1297 553
1301 111
1302 413
1302 413
1302 489
1305 148
1306 922
1308 99
1309 419
1314 542
1313 930
1317 1088
1320 765
1321 360
1322 343
1323 841
1323 577
1323 577
1324 867
1326 737
1327 567
1327 567
1328 167
1331 198
1332 253
1333 493
1332 872
1334 368
1336 597
1337 659
1339 113
1341 258
1340 344
1340 344
1345 42
1345 1011
1346 554
1346 554
1345 908
1347 321
1348 936
1350 296
1351 453
1351 682
1353 313
1353 721
1353 667
1354 115
1355 733
1356 983
1356 415
1357 639
1357 61
1357 61
1360 253
1360 1076
1363 985
1364 1095
1365 467
1368 36
1371 804
1373 455
1376 1090
1377 797
1378 304
1380 171
1379 287
1383 874
8 147
13 325
17 359
21 703
25 439
27 773
27 773
31 230
30 1059
32 724
34 85
41 250
45 633
47 89
49 149
50 604
55 443
55 1059
59 642
64 632
67 24
68 872
69 438
68 490
69 860
71 43
70 232
76 66
76 219
77 390
76 477
79 848
81 79
80 357
79 506
83 94
83 228
88 398
88 398
92 429
92 442
103 551
103 551
103 609
107 178
107 719
113 27
115 387
115 387
117 38
118 629
127 485
126 658
132 241
137 991
141 435
150 302
158 135
163 874
167 544
164 861
165 1019
174 49
172 315
177 180
178 116
178 137
185 39
185 860
193 117
194 29
194 85
194 982
198 331
203 525
206 246
210 672
216 694
222 503
222 1030
227 349
230 1015
232 91
232 216
235 112
237 326
238 65
239 146
240 834
247 924
250 193
250 758
252 356
252 387
258 182
264 1077
268 716
272 899
277 723
279 1076
285 337
288 233
288 233
297 221
300 812
301 1100
302 232
308 436
308 143
308 623
310 698
314 35
315 955
319 924
318 1065
321 72
325 571
329 63
333 1099
342 906
349 135
349 503
348 1017
357 337
357 450
361 737
366 822
368 110
372 967
375 357
378 405
381 958
387 150
386 498
393 120
394 899
399 321
403 147
403 842
406 396
406 432
406 432
407 460
407 379
416 875
430 345
430 345
435 1061
439 73
439 393
440 845
442 962
447 1021
452 1090
457 856
455 1101
464 1035
467 188
466 817
466 932
471 325
473 72
473 401
479 35
480 714
485 556
485 556
484 1095
486 115
491 1037
496 894
500 538
500 933
513 498
517 16
521 50
522 461
522 705
526 936
526 936
531 905
531 905
535 23
534 1097
537 932
545 129
550 934
550 934
552 911
552 911
557 85
556 107
557 744
561 575
562 511
568 345
575 87
574 399
594 635
596 828
602 680
608 14
613 467
613 632
619 476
623 30
625 277
627 494
632 887
634 203
636 436
636 436
633 651
635 865
646 188
648 736
650 573
654 243
657 283
663 569
663 569
664 1038
677 462
682 648
687 188
690 380
696 333
699 1101
700 374
708 793
710 352
716 23
716 157
721 40
721 126
720 509
725 678
728 697
731 571
735 235
739 508
745 759
749 343
749 725
748 774
751 320
751 320
755 192
756 217
762 1098
764 362
770 187
773 568
777 368
777 368
777 529
779 944
780 284
782 110
783 137
783 137
784 304
789 392
788 476
791 288
792 117
792 593
799 63
799 331
805 592
814 648
815 663
816 79
817 957
836 621
837 988
842 631
845 502
856 291
856 538
864 776
864 800
877 201
877 251
876 576
881 840
883 544
884 747
884 946
885 995
887 296
886 862
894 639
894 541
897 119
895 652
895 652
897 1090
898 628
907 651
906 662
906 662
911 1049
914 104
916 136
920 432
923 571
924 94
931 504
930 562
931 927
938 754
941 981
947 720
947 720
949 37
955 626
955 700
958 732
965 358
967 886
971 652
971 652
975 97
974 148
975 933
979 352
983 996
985 747
985 1059
988 97
994 933
996 281
1001 804
1002 774
1007 815
1007 996
1010 641
1010 641
1011 1061
1013 865
1013 865
1020 620
1025 906
1025 363
1025 363
1034 124
1035 199
1035 690
1041 517
1042 57
1042 997
1045 837
1045 464
1050 865
1050 865
1052 932
1053 1097
1054 449
1054 686
1054 829
1056 636
1058 904
1062 852
1070 949
1077 737
1077 887
1076 1056
1079 59
1086 732
1087 112
1087 437
1086 480
1086 480
1086 599
1088 1057
1092 272
1092 272
1097 103
1097 241
1097 241
1096 582
1097 1067
1098 702
1099 806
1099 1013
1101 1101
1103 375
1105 1002
1105 1002
1116 141
1117 476
1118 728
1118 542
1119 500
1122 210
1122 738
1124 387
1136 1102
1137 19
1135 626
1136 1089
1138 616
1144 763
1144 990
1149 324
1148 795
1150 735
1152 784
1157 375
1160 501
1162 744
1165 513
1166 1053
1175 260
1177 444
1177 676
1178 403
1179 417
1180 383
1182 429
1183 601
1185 1041
1187 346
1188 65
1193 435
1193 435
1200 522
1200 522
1200 668
1205 484
1205 484
1207 596
1208 157
1210 128
1212 292
1213 521
1215 59
1215 728
1218 71
1223 162
1223 162
1222 254
1222 299
1223 600
1225 356
1227 107
1227 107
1231 288
1230 503
1232 926
1236 423
1237 525
1237 525
1237 912
1237 965
1242 217
1245 27
1248 117
1251 1098
1251 1098
1255 306
1254 608
1256 12
1257 269
1260 377
1260 519
1261 572
1260 899
1268 486
1274 735
1275 769
1275 974
1276 593
1276 939
1278 58
1278 1000
1283 147
1282 331
1282 612
1282 757
1282 757
1288 65
1287 85
1288 582
1288 825
1288 825
1290 741
1290 544
1290 594
1290 594
1291 1095
1293 461
1292 993
1296 835
1299 246
1299 246
1299 702
1299 702
1300 111
1302 627
1300 714
1301 856
1301 856
1302 935
1305 963
1308 326
1307 724
1307 724
1312 26
1311 928
1315 704
1321 360
1321 888
1322 853
1324 18
1324 18
1324 726
1324 726
1327 704
1325 715
1331 131
1333 748
1334 74
1339 64
1339 353
1341 502
1346 44
1347 181
1348 805
1348 805
1351 704
1363 565
1362 975
1365 467
1369 444
1371 751
1370 805
1371 20
1375 672
1385 871
6 214
6 214
27 455
27 455
28 383
28 383
28 383
29 480
29 480
35 216
39 270
37 292
37 1047
42 315
43 421
47 733
65 450
71 1053
73 885
74 14
74 14
75 517
80 256
80 277
80 277
81 307
86 178
86 623
89 21
89 472
89 472
93 359
93 359
97 734
103 799
106 821
106 821
106 821
113 258
113 329
113 329
114 205
120 188
126 1025
128 556
140 470
141 148
143 1021
144 31
145 706
150 996
154 17
159 93
160 151
160 179
166 424
167 565
173 153
180 679
183 456
183 456
193 836
204 545
212 357
220 926
234 251
233 685
235 638
239 707
239 707
239 439
239 439
244 453
256 13
259 452
258 693
261 68
261 785
271 324
272 634
272 739
275 789
286 153
288 318
294 245
294 245
300 398
306 279
308 206
310 155
319 269
319 425
326 900
341 579
345 925
347 77
346 366
353 1063
363 369
367 344
370 22
369 198
368 255
369 278
369 718
369 177
369 177
379 54
379 1061
384 257
385 435
386 834
388 228
395 348
401 731
410 600
408 1015
413 1060
415 639
418 113
422 497
424 583
427 152
432 375
433 1004
437 450
456 335
456 623
469 739
469 899
477 311
477 911
485 1020
487 759
490 915
490 915
494 839
494 1077
499 160
496 772
504 116
503 145
506 214
506 1091
509 148
514 812
517 908
517 908
523 563
525 120
525 66
527 578
526 718
527 919
528 528
531 489
540 921
542 264
542 828
546 539
549 96
548 686
553 272
554 811
558 209
559 679
568 261
566 753
567 828
571 552
572 1015
574 840
578 728
622 51
622 238
626 960
626 960
639 249
646 216
657 397
656 426
659 482
658 792
660 509
662 1037
666 639
667 617
670 295
670 432
673 265
681 673
685 818
690 726
699 629
703 135
703 135
706 662
707 303
713 241
713 497
718 1098
718 1098
718 740
720 467
726 148
732 129
732 658
741 820
743 256
751 486
754 173
754 173
755 421
753 1054
760 133
758 250
760 1041
763 120
765 319
766 28
768 204
770 161
792 528
799 1006
805 364
807 712
811 624
811 851
824 559
824 559
835 439
860 1019
865 839
867 1049
871 736
876 1096
883 1037
887 8
886 110
886 110
889 366
889 366
897 504
907 867
914 158
918 176
928 603
928 847
930 366
940 797
943 845
945 965
947 362
946 783
947 880
952 517
953 828
953 828
956 171
968 949
969 493
972 632
973 918
973 918
976 322
977 791
980 19
989 662
990 321
994 344
997 642
1004 707
1009 110
1014 126
1014 853
1015 919
1015 919
1017 486
1018 224
1023 756
1037 749
1037 749
1039 500
1046 894
1048 702
1048 920
1053 718
1053 718
1062 509
1063 62
1062 354
1064 440
1066 877
1071 1079
1071 20
1074 577
1073 997
1076 132
1081 100
1084 648
1086 307
1086 307
1088 734
1119 1022
1119 1022
1125 235
1126 610
1128 820
1130 948
1136 586
1140 600
1142 369
1142 369
1142 369
1146 148
1145 670
1152 721
1156 1030
1157 1076
1157 1108
1160 543
1160 971
1162 820
1166 382
1183 226
1182 746
1185 624
1185 624
1187 50
1191 638
1191 638
1192 510
1192 830
1192 830
1195 138
1195 138
1196 78
1197 220
1197 220
1198 771
1202 719
1202 719
1206 1019
1213 765
1213 765
1218 1027
1221 502
1221 936
1225 515
1225 515
1233 65
1233 335
1241 758
1245 648
1257 734
1258 746
1258 746
1262 226
1265 838
1271 580
1274 539
1278 809
1278 809
1283 10
1281 625
1281 880
1281 880
1288 728
1299 792
1302 689
1308 757
1308 911
1313 823
1317 673
1317 673
1318 687
1319 918
1320 810
1322 779
1331 182
1334 227
1339 211
1349 265
1349 265
1350 996
1354 362
1354 396
1355 594
1356 612
1359 47
1363 676
1363 676
1364 264
1365 486
1366 181
1368 294
1372 640
1374 237
1374 237
4 1016
15 977
19 626
22 1004
36 62
41 601
42 619
48 208
48 208
65 482
66 422
68 126
71 703
73 198
80 812
90 457
93 73
97 258
96 282
96 2
97 44
99 779
99 779
99 195
113 282
113 438
113 438
117 471
136 598
147 586
161 967
160 1028
173 1000
205 931
206 260
211 38
211 372
211 372
212 750
218 393
223 539
226 601
231 303
231 303
232 406
241 184
249 207
256 1039
260 369
260 369
308 107
312 1079
325 10
333 250
347 541
354 167
357 397
369 95
378 863
381 75
381 288
382 914
382 914
382 914
387 334
395 510
398 266
408 1016
409 620
413 509
413 906
419 210
421 279
421 279
441 615
441 930
447 200
451 271
452 953
455 725
457 64
460 210
487 281
486 453
507 455
517 795
535 409
540 827
548 38
548 38
548 489
566 1096
566 135
567 714
566 923
594 826
616 168
615 440
618 713
622 239
629 417
634 229
641 1094
645 103
648 316
652 412
663 339
662 673
683 362
689 207
689 207
696 250
705 759
721 396
729 192
729 638
731 497
732 17
732 17
739 680
743 582
752 25
761 288
765 319
771 97
771 97
776 473
784 993
785 53
792 412
811 19
814 123
816 229
817 977
820 452
825 728
834 229
837 1040
841 1101
843 837
852 661
857 556
857 556
870 18
872 930
879 561
885 443
901 230
906 403
917 446
924 1031
932 102
946 158
944 205
955 676
955 859
954 897
958 252
957 975
957 975
958 480
968 1044
969 1061
973 173
973 173
973 300
973 173
973 173
975 861
977 901
977 901
984 1042
991 919
991 919
997 131
997 131
998 284
1009 1062
1013 693
1013 789
1016 346
1027 766
1035 20
1035 20
1034 453
1041 945
1058 561
1058 561
1064 750
1079 717
1079 744
1093 462
1092 505
1105 426
1106 167
1111 579
1110 662
1112 462
1112 462
1120 404
1123 422
1123 422
1127 570
1128 445
1139 1018
1150 717
1155 616
1172 329
1181 772
1183 228
1190 50
1199 403
1197 681
1198 702
1206 991
1206 991
1213 704
1213 833
1213 833
1213 583
1213 583
1226 274
1227 36
1230 891
1232 577
1232 577
1232 827
1238 47
1246 975
1246 975
1246 891
1259 684
1261 784
1261 784
1275 860
1275 860
1276 111
1284 696
1295 20
1302 284
1310 589
1314 994
1320 503
1335 770
1339 210
1343 62
1343 246
1343 246
1343 411
1350 285
1352 769
1354 835
1354 871
1363 118
1367 746
1367 746
1369 385
1375 658
1375 658
1375 658
18 18
21 402
21 402
21 402
24 317
26 649
32 424
46 975
53 185
53 185
69 126
76 327
77 745
91 640
116 649
118 780
125 90
142 455
138 629
144 420
144 486
150 149
162 22
193 571
216 242
217 394
220 136
219 323
233 406
245 352
245 777
250 614
250 614
296 442
311 109
310 176
312 1080
317 271
320 219
321 453
321 453
332 494
341 340
346 541
364 837
368 93
377 861
388 628
399 410
418 976
460 251
467 19
493 696
500 482
507 400
536 445
549 511
549 707
551 774
562 14
562 14
570 712
580 576
585 388
588 663
590 822
600 481
616 168
616 712
621 246
650 1025
653 757
660 720
672 304
680 1046
683 771
700 408
715 1048
721 674
743 245
760 832
773 501
779 963
812 124
835 583
836 1038
839 350
839 350
848 997
867 378
870 986
906 103
907 349
931 662
936 510
947 119
961 247
967 880
972 132
978 56
990 146
993 681
1002 899
1009 656
1029 44
1037 432
1063 918
1087 942
1113 248
1123 646
1123 646
1138 347
1140 244
1158 1001
1165 232
1174 636
1182 721
1189 583
1189 658
1189 898
1194 102
1202 17
1208 1093
1242 472
1250 496
1251 855
1258 995
1266 707
1275 630
1279 788
1279 788
1302 887
1301 945
1305 839
1303 976
1303 976
1314 187
1339 434
1343 970
1342 246
1342 246
1346 473
1349 102
1346 947
1368 325
1367 788
1367 788
28 885
33 925
70 364
72 981
95 422
94 494
99 29
99 29
100 524
100 524
112 372
171 903
185 373
200 23
200 23
205 954
232 41
236 751
242 102
250 639
250 639
259 33
259 33
261 149
284 130
304 487
304 901
332 942
337 248
341 883
363 268
365 881
393 112
392 208
392 816
410 886
412 699
421 80
427 951
427 951
433 681
450 109
463 885
464 686
478 93
500 240
538 955
601 903
604 82
618 22
616 53
630 326
635 91
641 167
644 121
654 822
667 509
676 548
676 548
697 521
738 41
740 391
753 66
759 196
764 734
764 157
774 237
776 26
790 158
799 830
816 538
849 831
852 676
859 571
859 571
882 905
901 428
938 941
946 1027
946 1027
958 982
985 258
1035 555
1066 534
1083 1028
1087 904
1103 433
1110 927
1110 927
1133 129
1175 35
1176 529
1194 612
1197 416
1211 319
1216 947
1221 401
1226 718
1240 311
1240 311
1300 90
1313 650
1320 803
1324 112
1338 342
1338 342
1368 818
1368 818
18 263
18 263
18 263
23 989
37 833
87 582
181 167
206 645
237 276
257 715
267 296
272 495
277 98
290 359
303 536
330 812
413 247
483 951
490 810
514 924
518 888
538 291
563 474
587 42
587 42
603 313
603 313
649 32
741 446
741 446
766 48
860 863
872 979
886 682
920 693
922 735
923 822
989 465
991 781
991 781
1003 73
1012 314
1102 351
1114 385
1146 913
1187 928
1189 1065
1202 744
1217 904
1230 778
1230 778
1230 778
1241 812
1246 373
1271 215
1273 678
1292 420
1306 564
1307 604
1307 768
1307 768
1340 893
1353 606
1353 606
1355 21
36 833
138 540
138 540
151 198
188 268
292 858
292 858
316 972
347 2
436 309
448 920
462 987
583 814
619 268
645 457
719 53
749 87
794 1053
801 76
840 1004
840 1004
857 867
874 326
914 309
1008 312
1050 146
1102 806
1131 698
1148 421
1145 963
1145 963
1190 1060
1217 850
1239 246
1247 1024
1247 1024
1272 215
36 136
134 266
183 40
196 98
191 842
191 842
250 393
295 690
400 356
451 794
461 551
469 386
469 386
469 386
524 625
585 418
608 983
626 534
626 534
674 602
686 484
689 864
689 864
799 199
864 158
864 406
907 72
920 138
970 165
1058 603
1095 856
1257 56
1256 925
1275 1069
1323 710
64 64
147 944
147 944
214 320
225 917
291 66
356 804
570 110
621 860
674 610
685 1033
796 751
870 812
1030 218
1060 492
1060 492
1072 282
1126 48
1196 463
109 418
259 495
256 1013
589 641
657 378
727 816
859 483
859 483
895 395
895 395
981 400
1239 650
1275 568
114 299
233 178
371 911
533 923
533 923
732 525
780 637
780 637
794 914
989 717
284 949
961 225
961 225
983 953
983 953
1199 524
743 265
726 611
121 775
403 358
