5462
4 152
4 329
4 974
5 991
6 28
7 826
7 843
7 96
8 356
9 762
9 59
10 680
10 886
12 930
11 1021
14 649
14 1057
15 960
15 426
17 744
18 403
18 784
21 559
20 810
21 119
22 911
21 998
22 289
24 251
24 493
25 577
25 852
25 238
27 1006
29 362
29 426
29 914
30 967
30 682
31 1048
33 660
33 660
32 775
32 1039
34 737
34 746
33 917
35 880
36 989
36 907
37 997
37 997
38 6
37 921
39 963
40 1015
40 1015
41 156
43 199
43 361
45 517
45 517
45 1050
46 449
46 414
46 414
46 504
48 243
47 997
49 133
50 123
50 49
52 108
52 108
51 127
51 127
52 265
52 173
52 173
54 17
54 1038
54 117
54 117
54 258
54 366
56 473
56 1101
57 627
57 627
57 781
59 114
59 114
60 237
59 277
59 1037
61 529
63 625
63 900
65 1042
67 724
66 739
68 361
67 608
69 61
69 713
69 355
70 490
70 490
72 514
73 520
73 606
73 606
73 884
74 114
75 594
76 294
75 360
77 545
77 545
79 8
79 1060
79 107
80 312
80 642
82 81
81 605
81 1041
84 880
84 441
84 441
87 72
86 407
86 654
88 421
88 211
89 629
90 747
91 60
91 726
92 530
94 181
94 774
95 314
95 715
96 89
97 200
97 341
96 578
96 804
96 804
98 499
98 535
98 541
98 760
99 7
98 234
99 596
99 821
99 934
98 983
98 1022
100 12
100 652
102 903
103 1005
104 188
104 382
106 78
105 587
106 640
106 1105
106 1105
107 311
106 604
107 540
110 964
110 307
111 711
112 366
111 644
113 87
113 542
113 609
113 719
114 110
114 595
114 805
116 244
117 674
117 950
120 1052
120 282
121 984
121 301
121 768
122 80
123 563
124 677
124 677
124 53
125 1041
125 980
127 61
127 410
127 977
127 1047
128 457
129 127
130 219
130 709
130 88
130 764
132 569
132 1002
134 545
134 991
134 984
135 23
135 531
136 837
137 135
138 166
138 1004
139 583
139 583
141 533
141 543
142 972
142 733
144 1043
146 372
145 784
147 503
150 473
153 158
152 354
152 354
154 501
155 676
156 136
156 136
155 286
158 888
159 956
159 1006
159 519
161 23
161 759
162 842
161 983
162 1033
162 1100
162 312
163 727
162 1053
162 1053
166 720
166 720
168 14
167 711
167 855
168 35
170 228
171 137
171 1000
171 65
172 158
175 38
175 38
175 226
175 226
176 355
177 236
180 786
182 101
183 222
185 1008
187 758
188 992
191 682
190 1084
192 1093
194 994
195 735
194 1088
195 76
196 276
199 219
199 219
199 377
199 587
198 952
200 858
204 200
206 539
208 552
207 840
207 840
207 940
209 349
211 281
214 481
215 186
214 1065
215 397
217 325
220 40
220 40
224 1086
227 452
228 347
229 988
229 114
231 337
233 677
233 677
234 80
235 990
237 624
239 555
240 597
241 362
242 395
242 395
243 1000
247 41
248 542
248 542
248 1061
250 423
251 633
251 107
251 831
253 908
254 204
256 570
256 1009
257 327
256 452
259 23
258 976
260 209
262 216
263 813
265 89
266 1028
268 619
268 35
269 680
273 43
272 328
273 1087
273 61
273 696
274 766
273 1062
275 240
276 682
276 629
277 688
277 726
278 565
279 781
280 88
280 259
280 584
280 620
281 137
281 265
281 682
283 117
284 1106
285 323
286 392
285 703
287 769
287 868
288 399
290 68
291 177
290 581
291 78
292 12
294 269
297 903
301 419
301 219
301 219
302 259
302 548
304 436
306 486
305 886
307 686
306 785
310 73
310 73
311 559
315 431
318 354
319 364
318 633
320 116
320 217
322 1015
323 265
322 385
325 1070
325 819
327 198
329 653
329 780
331 999
331 1011
333 15
333 770
335 528
335 656
334 738
335 67
336 520
335 1071
337 1005
338 194
339 229
339 229
339 533
338 999
339 987
342 62
341 117
342 1058
344 284
347 1007
347 228
348 72
350 1019
354 282
353 1004
354 14
354 14
354 14
355 581
358 402
357 890
358 1104
360 171
360 187
360 187
361 1017
365 201
365 717
364 1070
365 154
365 201
367 103
367 103
367 37
367 438
367 438
369 9
368 728
370 192
372 109
372 119
373 1056
375 476
377 339
383 831
382 1078
385 92
386 98
387 141
388 770
390 211
390 211
391 40
390 542
392 95
392 168
393 729
392 766
395 43
398 8
399 999
404 714
405 1060
405 23
405 79
406 998
408 701
408 191
408 297
409 178
410 1013
412 83
412 147
412 147
413 684
414 118
415 494
415 406
415 1002
417 74
418 87
419 765
420 773
420 773
421 999
422 473
423 482
423 422
425 521
425 521
426 688
427 145
427 998
428 658
428 903
432 631
432 439
433 48
433 146
435 40
436 129
436 34
436 352
438 686
438 26
439 60
440 960
440 960
440 921
442 1095
442 97
442 679
442 679
444 897
444 208
446 923
446 616
447 141
447 264
447 355
449 832
449 113
449 149
450 349
452 612
454 355
455 844
457 140
457 140
456 838
459 79
461 68
462 1031
464 336
464 56
465 175
466 916
467 665
468 110
469 390
469 1096
472 959
475 645
477 45
476 569
477 677
478 807
479 796
479 121
479 132
479 851
480 210
481 367
482 777
482 101
484 259
486 121
490 542
491 377
492 417
494 192
495 106
497 97
497 65
498 576
500 662
502 900
503 20
505 101
504 952
507 56
507 56
507 56
508 770
509 162
511 794
512 138
513 61
513 155
514 1095
514 1101
514 236
516 96
516 494
518 220
518 724
518 724
519 818
520 58
521 664
524 87
525 742
526 791
527 217
528 664
530 6
531 82
531 542
530 720
531 695
531 787
533 33
533 33
532 576
533 798
535 705
535 824
537 291
537 512
539 587
538 777
542 592
542 544
545 531
545 735
547 183
547 190
546 260
546 540
547 729
548 689
549 514
549 1084
549 286
551 652
553 691
553 224
553 637
554 118
555 669
557 1090
557 6
558 492
558 1048
559 250
559 457
561 240
562 35
561 797
561 797
562 829
562 818
562 818
563 747
565 777
567 75
567 349
567 462
567 462
570 969
573 194
573 194
575 800
576 474
576 562
576 562
576 775
576 940
577 109
578 433
578 197
581 185
581 185
580 470
583 458
583 478
583 478
583 646
584 1004
584 37
586 225
587 482
587 482
588 760
587 803
589 379
590 745
591 39
591 190
591 239
591 353
591 557
593 183
593 364
592 883
592 883
592 883
593 1025
594 787
598 410
598 684
597 898
598 163
603 540
604 838
604 1037
606 302
607 403
608 100
609 126
608 408
611 195
611 205
611 323
613 595
612 985
613 576
613 780
615 113
615 113
614 314
615 271
616 492
617 651
619 277
620 935
620 943
621 37
621 37
620 464
622 486
622 215
622 605
622 623
623 666
622 704
623 660
624 771
626 671
627 418
626 699
627 942
627 115
627 115
627 196
628 648
629 88
629 206
629 687
630 1014
631 121
633 915
634 221
635 597
635 597
636 774
638 227
639 161
639 415
638 687
639 588
641 680
642 750
644 483
645 441
645 441
649 253
650 625
651 222
651 513
652 138
652 207
653 112
653 674
653 1099
655 528
657 334
657 150
658 970
659 639
660 164
660 258
660 316
660 316
660 616
661 404
660 433
661 25
664 421
667 73
666 261
667 552
668 14
668 181
669 230
669 947
670 58
671 511
672 970
671 1038
672 122
672 122
672 199
673 214
672 698
672 698
676 154
676 998
676 998
677 7
677 704
677 38
677 673
678 872
678 309
679 314
679 314
682 74
682 763
683 10
683 337
684 364
684 373
683 484
684 677
683 856
683 929
684 142
684 465
685 19
686 69
685 998
687 110
691 286
691 463
691 777
691 395
692 477
692 477
691 519
693 6
693 388
694 864
696 638
699 535
698 881
700 51
700 51
700 51
700 676
700 296
700 296
701 339
701 418
702 37
702 37
702 92
703 511
705 8
705 946
705 75
705 461
706 1030
706 65
706 679
708 81
708 528
709 861
708 903
711 74
711 894
711 69
714 476
714 195
715 87
715 983
718 48
717 317
718 893
720 575
720 973
722 215
722 456
723 293
723 359
723 491
723 986
723 1054
724 2
724 371
725 949
725 949
725 449
728 670
728 120
728 501
729 909
730 66
732 722
733 568
734 827
734 1078
736 285
739 822
738 886
742 264
743 109
743 506
743 959
744 1049
745 76
745 666
746 436
747 446
747 475
747 794
750 613
749 890
751 705
751 715
751 728
751 728
752 805
752 805
751 1083
753 830
753 830
756 700
757 738
756 750
759 370
759 114
760 18
760 1091
762 436
763 751
763 1084
764 718
764 739
765 340
764 1025
768 95
776 97
776 339
777 1024
780 36
781 78
784 339
786 355
785 418
788 421
790 160
791 915
791 427
794 60
793 1073
795 724
797 911
798 1052
798 1052
800 389
802 605
803 702
803 1072
804 176
805 184
804 1099
804 1099
806 60
806 60
805 416
806 346
808 256
809 708
809 766
809 766
810 233
812 740
812 740
813 713
814 735
813 1079
814 96
815 761
816 604
818 622
818 622
817 832
818 1105
819 579
819 720
818 1090
825 615
826 799
827 1089
829 494
829 907
831 70
832 165
834 1001
836 798
836 351
839 732
842 614
841 779
843 842
843 82
845 797
848 40
851 382
852 719
852 742
853 803
854 13
855 1036
856 1057
857 379
858 751
857 817
857 817
859 893
860 801
861 390
862 718
863 790
863 360
864 706
863 752
864 372
864 372
864 372
867 479
867 489
868 391
868 831
869 702
870 897
870 356
870 356
872 416
871 718
872 189
873 547
872 1027
874 3
875 684
875 967
878 826
881 770
881 876
882 856
881 1017
883 747
883 747
884 491
884 131
884 890
885 1001
886 8
885 375
885 665
885 829
887 1064
888 784
889 876
891 81
891 711
892 187
892 429
894 573
894 1054
897 368
896 807
897 40
897 154
897 755
898 643
899 711
899 711
899 892
900 779
902 952
902 952
902 115
904 796
904 367
904 367
905 786
905 167
906 813
907 117
907 117
908 753
908 539
908 716
911 1054
912 835
914 755
916 177
916 177
916 113
916 930
917 136
918 687
917 1049
920 886
921 511
921 962
921 962
922 112
923 376
923 376
924 897
925 81
924 763
925 98
927 86
927 955
929 122
928 413
928 691
934 898
934 304
936 928
936 32
936 785
937 950
937 950
938 309
937 887
939 531
940 893
940 27
941 940
941 940
943 340
946 308
945 414
945 906
947 886
947 206
947 806
948 774
949 668
951 900
951 906
951 141
952 217
952 217
951 347
952 682
956 209
955 433
959 141
959 141
959 809
962 927
964 906
964 906
965 934
966 620
968 713
968 610
968 610
969 389
971 904
971 904
971 913
973 36
973 540
974 601
976 886
976 852
979 259
980 600
981 488
981 723
983 266
983 266
983 567
982 923
983 935
983 299
983 764
984 853
984 1087
985 43
985 377
984 476
984 560
986 989
987 627
987 627
988 514
990 740
990 197
990 485
990 485
992 735
993 959
995 289
994 541
995 636
996 925
996 20
996 177
997 400
996 493
997 39
998 909
998 909
999 578
1002 779
1001 994
1004 451
1008 346
1008 640
1007 941
1007 941
1009 164
1009 216
1010 783
1010 755
1011 895
1012 1019
1012 1029
1012 1037
1012 911
1014 718
1014 950
1014 950
1015 219
1015 311
1016 336
1015 709
1016 927
1018 1084
1019 443
1019 443
1019 470
1019 568
1018 586
1018 586
1019 912
1019 57
1020 541
1020 939
1020 939
1019 1035
1021 221
1021 221
1020 508
1020 522
1022 530
1023 101
1023 339
1024 358
1023 966
1025 958
1028 1035
1029 153
1029 707
1030 104
1032 507
1032 507
1034 709
1034 830
1036 996
1036 1105
1037 307
1038 597
1040 782
1041 299
1041 83
1041 83
1042 694
1042 694
1041 773
1043 557
1043 557
1043 978
1043 978
1044 830
1045 8
1045 458
1045 458
1046 916
1048 416
1049 824
1053 949
1054 630
1056 685
1056 919
1057 960
1057 946
1058 361
1058 708
1060 649
1060 649
1060 692
1060 692
1060 692
1061 95
1061 819
1063 385
1065 443
1064 968
1065 803
1067 860
1067 195
1068 362
1067 483
1068 904
1069 208
1071 445
1071 445
1070 785
1072 387
1072 665
1073 917
1073 522
1074 683
1076 421
1075 575
1077 44
1077 738
1077 903
1080 95
1080 401
1081 87
1080 256
1080 750
1081 239
1082 368
1081 511
1081 1066
1082 1102
1083 291
1083 492
1086 359
1086 157
1086 904
1087 988
1088 802
1088 802
1088 618
1088 618
1089 1027
1092 188
1092 188
1092 592
1092 677
1091 916
1092 705
1092 705
1092 935
1094 697
1096 1071
1097 969
1098 255
1098 302
1098 923
1098 809
1098 1027
1100 495
1099 539
1100 782
1101 332
1100 791
1100 957
1103 805
1104 593
1103 815
1103 1101
1104 639
1105 495
1105 896
1106 932
1107 483
1107 678
1107 735
1108 9
1109 23
1108 430
1108 582
1109 1096
1109 1096
1110 603
1110 1051
1111 464
1111 464
1111 936
1112 486
1112 486
1111 1028
1112 116
1113 654
1113 660
1113 680
1113 680
1116 641
1116 254
1117 484
1119 246
1121 623
1121 840
1121 840
1122 929
1125 592
1125 394
1125 710
1127 6
1128 567
1127 737
1128 932
1130 27
1130 27
1129 416
1129 1102
1130 1080
1131 185
1131 319
1132 791
1132 862
1131 1050
1133 389
1133 389
1133 389
1133 487
1133 159
1133 747
1135 290
1137 322
1138 567
1137 811
1139 596
1139 641
1139 641
1140 888
1141 578
1141 792
1142 1017
1144 732
1146 951
1145 984
1146 655
1147 762
1148 317
1148 375
1149 190
1149 385
1150 394
1150 932
1150 932
1150 613
1151 1028
1152 62
1152 973
1153 739
1154 996
1154 18
1154 599
1155 707
1155 707
1154 1018
1157 390
1156 813
1157 384
1158 939
1159 22
1159 22
1159 239
1159 351
1160 881
1160 881
1160 894
1160 900
1161 15
1161 840
1162 1076
1163 101
1162 615
1162 667
1165 941
1167 516
1167 761
1167 807
1167 934
1168 633
1168 209
1169 532
1169 297
1169 451
1169 451
1169 888
1170 441
1172 990
1172 990
1172 240
1173 78
1174 350
1174 373
1175 417
1175 602
1176 290
1176 492
1176 747
1176 879
1178 485
1178 559
1180 112
1181 777
1180 885
1180 885
1181 990
1181 119
1182 155
1182 657
1182 760
1182 760
1183 145
1183 192
1183 651
1184 288
1188 77
1188 77
1187 767
1187 767
1187 767
1188 523
1189 991
1189 49
1189 886
1190 794
1192 802
1192 802
1194 61
1194 497
1194 882
1196 816
1196 860
1198 247
1198 342
1198 442
1197 1088
1200 711
1201 883
1200 1049
1202 168
1202 235
1201 742
1203 903
1203 656
1204 854
1204 747
1204 747
1204 747
1205 542
1205 921
1207 258
1206 316
1210 1011
1211 161
1210 545
1212 150
1211 515
1212 863
1215 174
1215 288
1214 629
1214 641
1214 687
1215 41
1218 785
1218 805
1218 805
1218 820
1218 838
1218 178
1220 244
1219 618
1220 632
1219 738
1219 738
1221 661
1222 174
1222 396
1222 396
1223 935
1223 962
1224 39
1224 787
1225 385
1225 385
1226 460
1225 473
1226 1052
1227 158
1227 158
1226 178
1229 559
1229 710
1229 466
1229 491
1231 647
1231 663
1231 958
1232 459
1233 543
1233 322
1234 861
1234 721
1236 425
1235 562
1236 642
1237 47
1236 401
1236 401
1237 769
1237 769
1238 157
1238 353
1238 478
1237 616
1240 782
1240 218
1240 593
1242 447
1242 798
1242 1004
1244 281
1244 613
1245 16
1246 295
1246 698
1246 877
1246 96
1246 222
1248 734
1250 423
1251 912
1252 845
1252 855
1253 204
1257 45
1256 1017
1256 1017
1259 686
1259 1007
1259 501
1260 720
1262 109
1261 1051
1263 584
1263 802
1263 864
1263 1070
1263 332
1265 164
1265 618
1267 116
1269 428
1269 433
1269 1025
1270 958
1272 1071
1272 1088
1273 760
1274 688
1275 404
1275 404
1276 104
1276 202
1277 242
1278 392
1277 448
1277 448
1278 863
1277 1037
1278 271
1278 271
1280 475
1281 1052
1282 10
1282 10
1281 205
1282 1082
1284 711
1284 801
1284 801
1284 989
1284 492
1284 816
1284 959
1285 1036
1286 52
1285 687
1287 149
1287 149
1287 203
1288 471
1288 717
1289 803
1290 75
1289 371
1289 406
1290 1007
1290 1007
1292 85
1291 266
1292 121
1292 522
1294 255
1294 575
1294 647
1295 246
1294 895
1296 706
1296 814
1297 118
1297 118
1298 479
1298 520
1298 289
1299 1014
1300 86
1300 844
1302 982
1303 954
1303 1087
1303 81
1303 81
1305 106
1306 148
1306 971
1307 248
1306 546
1307 88
1309 494
1309 494
1310 580
1309 945
1311 107
1311 258
1312 666
1312 147
1313 880
1313 892
1314 213
1315 448
1315 448
1317 249
1316 577
1317 614
1317 691
1317 691
1317 519
1318 606
1319 308
1319 803
1319 862
1321 155
1320 449
1323 473
1324 788
1326 381
1326 408
1328 247
1328 674
1329 975
1330 92
1330 127
1332 822
1333 380
1333 461
1334 681
1334 164
1334 372
1336 64
1335 113
1336 306
1335 808
1336 106
1336 905
1338 15
1338 402
1338 402
1339 24
1339 917
1340 6
1341 244
1340 310
1340 442
1342 216
1342 736
1346 684
1345 810
1346 830
1347 635
1348 669
1349 463
1350 988
1352 417
1352 541
1351 695
1351 742
1351 742
1351 926
1351 972
1352 760
1354 54
1353 165
1353 165
1354 396
1355 71
1358 470
1359 550
1360 317
1359 994
1361 125
1361 125
1365 67
1365 484
1365 484
1366 143
1367 376
1368 74
1368 293
1368 605
1368 691
1369 1085
1370 155
1370 23
1370 66
1371 128
1372 35
1373 119
1374 195
1373 286
1373 919
1373 1065
1375 162
1375 587
1376 633
1376 561
1377 581
1377 12
1377 486
1377 486
1378 778
1377 1103
1378 600
1378 739
1378 739
1381 732
1383 34
1383 297
1383 297
1382 972
1384 207
1383 1084
1384 46
1384 263
1384 912
1385 793
1388 678
6 1041
8 129
8 1002
9 349
10 241
10 962
13 582
14 672
14 672
15 98
17 851
19 991
19 361
21 973
23 137
22 388
26 509
28 166
27 356
28 664
27 991
28 1048
29 999
32 672
36 455
38 835
38 835
37 895
37 895
39 653
40 1051
40 642
41 843
48 226
48 113
49 39
49 1042
50 732
51 279
51 279
51 219
51 1021
53 850
55 527
57 38
57 1068
57 140
58 654
59 132
62 400
61 871
65 654
65 809
65 599
66 91
68 137
70 346
71 391
71 699
72 405
71 463
73 660
73 660
74 425
75 829
76 845
76 845
77 582
77 732
77 433
80 634
81 743
81 743
81 743
83 467
85 306
86 399
88 480
88 480
88 828
88 828
90 13
91 516
91 516
92 646
93 486
95 211
98 525
98 415
102 517
104 750
105 712
104 730
104 730
107 49
106 127
106 127
106 127
111 40
112 636
113 687
113 863
115 203
119 151
120 702
124 341
125 961
129 166
129 690
130 199
129 749
130 784
131 708
133 1042
133 172
135 648
136 555
138 16
138 1018
143 578
144 293
144 7
148 176
151 534
158 303
160 700
160 700
161 311
165 355
165 1020
171 1004
177 559
178 38
182 836
182 998
187 197
185 939
186 123
189 350
190 54
193 140
193 199
201 734
204 872
207 6
207 485
208 1023
207 1066
209 350
210 1056
211 63
212 194
215 967
216 120
217 1023
218 136
219 873
220 992
222 48
222 1097
224 641
224 641
226 232
228 874
230 50
233 388
233 11
234 34
233 100
234 724
238 626
241 582
243 1090
244 1098
244 6
246 933
246 23
250 415
253 166
253 199
258 225
258 625
259 463
260 550
262 802
262 763
264 279
265 202
266 330
265 999
267 99
269 66
269 1015
271 354
272 1053
276 438
276 548
276 79
278 815
279 1048
282 8
281 444
283 516
285 36
284 480
285 560
284 1092
286 237
288 216
288 902
290 406
290 918
290 918
290 289
290 732
291 910
291 305
297 71
298 14
298 662
297 1011
299 114
299 299
300 189
300 189
301 360
302 317
302 353
302 53
304 843
304 252
306 191
306 191
309 727
310 708
310 1010
311 222
313 195
314 875
315 29
315 494
315 1100
319 154
323 596
324 991
327 826
332 62
335 262
338 563
338 201
340 249
340 700
341 73
342 719
343 446
346 573
352 475
355 35
355 630
357 780
359 107
359 107
361 1024
363 659
365 268
367 1105
372 352
375 258
375 258
375 650
375 380
378 29
379 1070
381 740
386 267
386 696
387 660
389 59
390 1049
392 11
394 401
394 401
394 1004
398 1061
400 1008
401 219
404 63
404 727
407 113
415 638
417 392
418 520
420 124
420 706
422 440
424 895
426 77
428 107
430 868
431 396
432 56
432 279
433 522
433 238
435 646
436 626
438 741
439 68
438 419
441 481
445 115
444 692
450 566
451 851
453 368
454 101
455 110
456 61
456 381
459 571
459 267
459 690
459 727
461 105
462 860
464 202
465 16
469 614
479 197
482 52
483 151
489 736
496 48
505 202
510 561
510 627
512 66
513 147
514 767
517 40
516 367
518 70
522 46
521 801
523 129
523 129
524 65
525 763
528 295
527 625
528 671
527 812
528 565
529 820
530 310
529 606
530 337
533 490
533 419
535 323
536 248
538 17
537 657
538 728
541 670
542 573
544 663
545 429
547 360
547 720
553 309
557 731
559 204
560 228
561 599
561 90
561 90
561 1009
562 1105
564 144
564 256
564 256
566 382
566 239
566 239
566 717
568 583
568 500
569 1089
572 254
573 244
572 826
572 981
574 785
578 534
578 795
582 560
581 1049
585 782
590 468
592 113
591 418
592 725
592 874
592 874
594 790
595 397
598 189
598 169
600 232
599 1049
600 906
603 279
604 517
604 608
606 654
605 1104
607 621
608 234
610 486
610 826
611 221
611 889
613 368
614 404
617 1042
619 1022
623 586
623 140
623 140
625 454
625 454
627 530
629 425
629 632
630 609
631 1020
632 353
632 653
635 232
636 258
637 91
641 922
643 947
643 947
643 255
646 884
647 182
651 50
650 282
655 169
654 892
654 1028
656 386
656 386
656 633
657 250
657 644
657 85
657 85
661 452
660 495
662 648
663 245
664 323
666 112
669 685
672 129
671 1103
672 799
674 93
675 437
677 80
677 469
683 965
684 1006
684 44
685 185
685 255
687 919
689 316
689 316
690 421
689 687
689 983
691 346
690 414
691 624
692 906
692 906
693 41
694 142
694 956
695 896
696 1020
697 963
701 83
701 325
703 428
703 852
704 58
704 694
705 319
704 1009
705 333
708 49
710 780
710 1012
710 1012
711 239
711 239
714 525
715 450
715 223
716 304
716 304
718 116
718 1103
719 994
722 83
722 139
721 229
721 229
722 979
724 896
725 759
727 552
726 851
728 55
727 144
728 389
727 438
729 297
729 297
730 983
731 893
734 423
735 443
737 365
736 629
739 300
741 860
746 378
745 1062
746 295
746 452
746 642
747 1103
748 137
748 534
755 1030
757 656
758 704
760 74
765 545
768 103
767 256
769 323
771 1050
771 290
771 1043
772 73
775 582
776 1078
782 1079
787 1024
790 292
792 986
793 357
794 953
796 245
798 578
803 847
804 772
804 772
805 366
805 416
807 868
808 640
811 875
810 973
810 1052
812 563
812 1094
813 40
813 1086
815 202
815 339
817 908
820 946
822 1025
822 667
824 197
825 1095
825 875
827 1043
828 787
829 805
828 1080
830 747
832 720
832 20
832 373
832 1067
837 666
837 1090
840 804
840 804
840 819
841 811
844 4
848 720
848 875
851 797
852 369
854 416
856 450
858 1043
860 476
861 538
862 760
863 875
865 515
868 840
874 664
878 718
879 83
881 711
881 603
882 1058
883 121
885 405
886 413
887 882
888 388
889 808
891 1032
894 443
896 387
895 906
896 387
900 336
901 290
901 290
900 415
900 987
903 878
905 168
906 403
907 995
911 887
911 974
911 259
913 986
912 1104
915 150
921 540
921 824
921 824
923 548
926 305
925 393
925 1064
927 942
928 424
929 836
929 887
934 103
936 427
939 125
940 584
940 824
940 824
941 355
943 161
945 252
948 329
948 348
947 815
950 444
949 567
950 268
952 301
953 390
956 765
958 21
959 565
959 723
961 95
961 288
961 887
964 87
964 87
965 540
963 915
969 472
969 951
972 924
975 709
976 622
975 930
976 981
976 631
978 320
980 699
980 699
981 607
980 957
981 284
981 887
983 915
985 777
985 104
985 967
986 80
988 279
989 289
990 24
989 932
989 932
991 1098
992 621
992 776
992 776
992 1104
993 1005
994 586
993 810
994 151
994 298
995 281
997 212
996 271
997 900
997 59
997 257
1002 372
1001 393
1004 239
1004 408
1005 714
1005 886
1006 645
1006 645
1006 702
1006 972
1006 972
1006 986
1006 986
1007 20
1008 654
1009 439
1009 439
1011 670
1011 829
1012 270
1013 424
1013 288
1014 609
1014 724
1014 245
1015 499
1015 617
1015 617
1016 643
1016 279
1016 279
1017 1048
1018 1016
1019 1098
1021 223
1021 223
1021 1090
1024 186
1027 519
1028 969
1028 1098
1031 1090
1033 79
1033 79
1033 445
1034 693
1037 389
1043 337
1044 757
1045 465
1045 1029
1047 1087
1047 934
1049 493
1048 583
1050 391
1050 798
1051 398
1051 554
1052 908
1051 961
1055 73
1056 63
1056 504
1056 579
1055 696
1056 982
1058 541
1060 680
1061 756
1061 574
1064 729
1066 44
1068 166
1068 392
1068 835
1068 835
1070 240
1070 8
1070 793
1073 351
1074 177
1074 572
1075 224
1075 224
1076 837
1080 8
1082 130
1082 686
1083 891
1085 911
1087 183
1093 683
1093 520
1095 976
1098 690
1099 526
1099 674
1102 417
1101 871
1104 294
1104 467
1105 774
1105 351
1105 447
1105 774
1105 1058
1108 417
1110 503
1112 1089
1112 227
1112 344
1112 344
1115 30
1116 834
1117 505
1119 876
1119 246
1119 808
1119 808
1121 35
1122 401
1121 976
1123 292
1123 967
1125 567
1125 567
1125 592
1125 893
1125 893
1128 475
1130 986
1131 248
1130 296
1130 1017
1132 98
1132 1006
1133 8
1135 16
1135 237
1135 991
1135 312
1138 1027
1137 501
1138 737
1142 404
1144 39
1143 50
1144 82
1144 82
1144 362
1144 814
1147 620
1148 166
1149 822
1150 443
1151 496
1152 55
1153 1095
1156 718
1156 953
1158 870
1158 1057
1159 358
1161 712
1161 764
1161 818
1161 94
1162 264
1161 334
1161 572
1161 1102
1165 168
1166 196
1168 480
1168 480
1175 53
1176 454
1175 724
1175 724
1176 907
1175 937
1177 161
1176 516
1176 516
1178 72
1179 83
1180 384
1180 1057
1181 43
1182 521
1183 800
1183 904
1184 99
1183 126
1184 227
1183 512
1184 892
1186 198
1187 253
1187 835
1189 131
1191 240
1191 240
1191 651
1192 843
1192 942
1193 900
1193 900
1196 374
1196 684
1197 273
1197 273
1198 291
1197 720
1197 777
1199 432
1199 8
1199 8
1200 416
1199 519
1199 846
1201 826
1204 30
1204 181
1206 38
1206 928
1208 357
1209 645
1209 693
1211 21
1213 789
1214 109
1214 109
1215 258
1216 853
1218 122
1218 545
1220 87
1219 908
1219 908
1220 212
1223 585
1223 786
1224 116
1230 425
1232 382
1231 755
1232 931
1233 183
1234 813
1236 501
1236 501
1236 695
1236 826
1236 834
1238 886
1237 119
1238 438
1238 438
1238 757
1240 580
1240 880
1240 880
1241 8
1241 526
1242 640
1242 42
1243 745
1244 496
1244 496
1246 655
1245 855
1248 867
1248 953
1250 960
1251 660
1252 1089
1252 466
1253 15
1254 790
1256 143
1256 251
1257 330
1258 873
1257 888
1257 908
1258 576
1260 38
1260 188
1259 468
1262 625
1263 315
1264 843
1264 243
1265 263
1266 24
1267 456
1271 149
1273 37
1277 986
1278 744
1278 744
1279 258
1284 4
1284 171
1285 673
1285 778
1286 539
1288 40
1288 883
1289 252
1288 292
1288 396
1290 166
1292 309
1293 466
1293 466
1294 788
1294 637
1295 428
1297 674
1298 662
1298 662
1299 397
1300 724
1301 75
1304 679
1304 692
1305 728
1306 170
1306 170
1305 802
1306 142
1306 374
1311 330
1311 330
1312 24
1312 797
1313 370
1312 684
1313 1049
1315 84
1315 84
1316 73
1316 455
1316 455
1319 170
1321 91
1323 576
1323 587
1324 360
1324 360
1326 897
1327 466
1327 199
1330 158
1330 751
1332 405
1333 392
1334 244
1335 757
1337 410
1337 475
1337 475
1336 748
1340 24
1341 39
1341 613
1345 144
1345 913
1345 913
1346 18
1348 26
1348 36
1348 473
1351 834
1352 109
1352 261
1351 980
1352 988
1352 531
1353 273
1355 904
1356 423
1356 572
1358 481
1359 604
1359 868
1359 1062
1359 534
1359 534
1362 211
1361 691
1363 92
1363 92
1363 92
1363 278
1363 260
1363 406
1363 545
1365 818
1366 988
1366 182
1369 220
1369 278
1370 503
1371 1092
1373 47
1373 703
1373 703
1375 193
1377 336
1377 653
1378 852
1378 913
1378 913
1379 42
1379 706
1379 706
1381 111
1378 778
1382 99
1382 99
1383 1076
1383 200
1387 318
1389 20
1389 160
1388 419
5 341
7 876
10 357
13 388
14 731
15 826
19 923
21 1032
22 891
23 18
23 460
24 96
26 485
30 629
30 845
30 845
30 845
31 142
32 615
33 881
34 348
34 909
36 369
36 789
41 349
42 726
48 226
49 719
50 82
49 354
52 330
53 315
54 502
54 989
59 50
58 630
58 630
59 95
59 721
59 1011
62 478
62 503
63 291
64 441
65 835
67 978
67 1103
68 641
68 209
69 219
71 498
71 498
70 851
73 415
74 482
75 506
77 712
77 712
78 682
79 133
83 501
83 501
82 1007
83 389
83 414
85 524
85 590
87 105
87 169
88 303
88 789
89 1060
98 475
102 161
108 64
108 64
109 657
112 278
111 1066
113 116
114 85
114 1046
116 1100
121 815
125 246
125 368
137 148
138 772
143 66
145 542
149 629
152 92
153 642
159 917
159 179
162 397
164 56
167 146
169 24
169 830
170 841
172 906
172 906
178 129
178 129
182 897
187 76
192 69
192 69
195 121
196 515
196 515
198 62
200 469
205 70
205 70
210 959
217 70
218 255
218 841
222 501
222 221
223 10
226 528
230 969
230 283
231 1094
234 65
234 404
235 271
235 271
235 343
237 933
237 203
240 731
245 93
245 190
250 384
253 963
256 51
258 740
261 248
261 248
261 714
264 34
265 1062
268 81
268 528
273 91
273 91
273 740
273 1034
274 714
278 901
278 901
283 734
286 206
286 591
286 591
287 868
289 741
290 108
291 521
293 627
294 1020
295 241
294 394
294 394
294 749
296 228
295 268
298 875
299 725
298 1075
299 1036
299 1036
302 464
302 8
303 1102
307 903
307 903
307 47
308 64
309 621
311 549
313 213
316 629
315 854
316 405
316 405
316 405
319 141
319 583
329 388
330 157
330 848
335 29
335 29
335 612
336 919
336 919
337 594
339 391
341 817
342 828
345 422
346 435
348 30
347 998
352 323
351 905
351 905
356 484
358 312
359 643
360 395
360 395
363 84
365 439
368 1002
368 923
368 923
370 720
371 223
372 566
377 434
377 434
383 76
384 52
388 244
394 49
394 73
394 49
396 1084
397 558
399 1008
400 167
399 567
400 152
400 698
402 455
403 502
407 124
407 562
409 220
410 268
410 90
412 385
414 1102
417 415
418 858
420 511
420 511
423 257
427 457
433 692
438 840
441 463
442 50
445 662
446 126
447 22
448 412
450 57
450 78
450 689
452 678
454 669
459 727
461 463
463 672
472 212
474 514
476 83
478 217
479 607
480 315
481 1101
486 461
484 764
486 80
487 275
491 15
491 15
496 47
497 436
497 436
499 134
499 209
499 209
498 733
500 123
500 780
507 371
512 731
513 339
515 52
516 81
515 701
518 28
519 14
519 14
519 103
518 273
520 141
525 775
526 30
528 558
528 558
529 15
529 593
530 240
532 419
542 283
548 342
546 431
551 584
552 806
552 806
552 694
552 694
555 337
558 578
559 27
561 100
561 100
560 589
566 479
566 729
568 845
568 845
570 799
577 739
577 394
578 329
580 199
584 550
584 696
585 913
586 736
588 593
587 798
592 53
595 319
599 637
598 704
598 915
599 36
600 475
600 475
602 309
605 995
607 507
607 507
609 868
608 880
613 247
615 683
618 898
620 201
621 432
622 419
623 10
623 586
625 323
627 184
628 886
630 84
633 67
633 67
634 644
636 189
636 203
637 364
638 77
638 77
638 212
641 801
644 760
649 298
651 660
655 194
659 10
659 127
659 274
663 703
664 120
663 532
664 968
665 637
669 400
672 783
672 850
674 1011
674 115
678 236
679 499
680 160
681 895
685 785
686 618
687 701
688 1025
688 851
691 57
693 40
693 472
695 270
695 270
698 29
697 284
699 481
699 126
699 907
703 226
706 639
706 639
706 554
709 91
710 347
710 465
713 694
713 360
714 369
716 256
717 147
718 7
719 1036
719 1036
719 540
720 878
720 912
723 490
725 261
724 529
726 126
726 126
727 366
731 466
733 973
741 862
745 389
745 1042
753 440
754 977
754 583
755 959
757 538
758 703
765 264
766 912
769 214
771 717
771 576
782 981
785 347
788 37
790 184
800 970
800 1059
804 201
805 961
805 754
805 754
805 891
808 989
809 780
812 840
813 373
812 1060
814 752
816 525
818 960
819 487
821 1053
821 351
822 868
826 1061
827 1044
828 36
829 894
830 840
837 960
837 960
840 1081
840 88
841 771
841 771
844 123
843 840
843 1096
844 996
849 857
854 840
854 988
863 933
870 1090
873 998
872 383
877 1048
884 772
887 838
892 1057
893 12
897 315
896 1046
898 69
899 398
901 699
901 699
909 267
909 393
910 1069
910 562
911 1044
916 242
918 331
917 1064
921 429
923 314
925 294
927 340
934 437
934 437
935 689
936 363
936 363
939 959
946 681
947 1087
950 267
950 1070
952 795
955 381
955 381
955 734
955 977
958 508
958 508
962 339
964 384
966 1093
968 810
969 1042
971 275
970 970
975 178
975 178
975 220
977 432
976 807
981 30
985 238
984 979
988 970
992 463
991 563
992 822
993 659
993 659
994 305
994 305
994 980
995 282
998 87
997 173
1001 955
1003 592
1002 1070
1004 41
1003 943
1011 1012
1013 202
1019 512
1020 179
1020 179
1023 402
1042 575
1049 741
1050 724
1052 733
1051 752
1051 299
1051 299
1052 733
1055 446
1055 462
1054 528
1055 808
1056 223
1058 883
1059 866
1062 830
1063 600
1063 600
1063 796
1063 276
1063 609
1064 999
1065 889
1067 256
1070 158
1072 704
1071 920
1072 278
1074 83
1076 395
1080 846
1079 976
1081 1095
1083 146
1084 1000
1084 1000
1087 55
1089 711
1090 482
1090 1087
1090 557
1090 557
1092 209
1092 860
1093 1024
1094 827
1100 477
1102 799
1102 799
1103 534
1103 750
1107 719
1107 719
1106 847
1108 187
1109 278
1110 957
1110 76
1112 442
1113 165
1116 518
1117 850
1117 499
1117 499
1117 605
1117 899
1117 899
1119 44
1119 44
1121 860
1123 967
1123 255
1123 414
1126 103
1126 480
1127 717
1127 717
1129 811
1129 837
1129 908
1129 908
1128 1088
1129 600
1129 883
1131 854
1132 82
1132 111
1134 33
1133 464
1135 818
1138 106
1138 106
1140 249
1141 185
1143 345
1148 258
1148 545
1148 744
1148 744
1150 77
1150 555
1150 575
1153 184
1158 475
1158 819
1158 924
1158 924
1160 863
1160 247
1160 592
1160 592
1160 697
1168 612
1170 274
1169 383
1171 323
1173 403
1175 1010
1177 213
1178 72
1183 482
1184 571
1184 571
1184 594
1183 738
1183 738
1184 747
1186 412
1186 547
1186 1077
1187 311
1192 230
1191 420
1198 33
1197 673
1199 504
1201 857
1206 311
1210 590
1219 56
1219 56
1219 581
1221 949
1222 484
1223 716
1223 716
1224 539
1224 539
1224 842
1224 964
1226 127
1226 233
1226 577
1226 577
1227 365
1228 737
1229 567
1229 567
1229 635
1231 948
1231 545
1231 545
1232 19
1232 19
1233 651
1234 167
1234 167
1235 914
1236 199
1239 290
1240 542
1241 799
1243 551
1244 113
1245 467
1244 893
1248 805
1250 1079
1251 42
1251 643
1254 296
1255 732
1258 639
1258 833
1259 1025
1260 948
1260 766
1264 254
1264 254
1266 456
1268 368
1268 368
1277 514
1277 797
1280 410
1282 288
1283 395
1283 839
1282 874
1290 821
1291 457
1294 1034
1294 836
1296 370
1297 468
1298 32
1297 223
1297 760
1300 212
1300 649
1300 649
1302 990
1305 802
1304 263
1304 349
1305 831
1306 161
1308 1094
1308 213
1311 922
1310 937
1314 99
1314 415
1316 162
1316 162
1319 884
1320 327
1323 78
1323 586
1324 401
1324 905
1324 1031
1324 1031
1326 565
1326 870
1330 1048
1330 1008
1331 498
1333 246
1333 520
1335 173
1339 266
1339 814
1339 814
1344 97
1344 823
1346 657
1347 1012
1349 229
1349 229
1348 843
1349 198
1349 430
1351 1084
1351 151
1351 151
1354 628
1353 675
1353 675
1353 942
1361 163
1361 1085
1361 235
1363 1007
1363 496
1363 910
1364 703
1365 113
1366 585
1366 608
1367 639
1370 392
1370 669
1370 488
1374 537
1376 89
1376 1011
1378 254
1379 312
1382 353
1383 672
1383 672
1384 494
1385 1
1385 1
1385 786
1387 145
1389 509
2 94
12 506
14 436
17 554
19 924
21 411
27 179
30 925
48 971
50 553
51 240
53 595
55 834
60 359
59 1010
67 728
67 591
68 641
70 301
75 323
78 135
79 178
85 1099
88 132
92 383
97 181
98 117
98 138
102 694
105 673
104 720
106 900
113 731
114 85
116 29
118 270
122 70
126 993
131 816
130 1065
150 925
152 92
159 65
160 383
170 830
171 24
172 905
186 406
197 36
210 959
212 731
226 528
231 647
232 213
241 71
241 384
245 190
249 63
248 303
249 1060
252 540
257 851
263 396
272 1034
278 901
278 901
280 984
284 346
285 856
289 150
294 1020
307 741
321 417
322 457
328 570
331 848
334 241
334 928
336 593
337 908
337 908
340 715
344 509
346 557
346 557
350 746
351 906
351 906
360 73
368 934
370 912
370 912
380 461
394 72
399 34
401 651
403 503
408 91
412 106
412 208
419 754
419 754
420 511
424 345
430 553
430 744
437 132
438 719
447 23
452 44
456 23
457 614
461 629
463 660
471 468
474 514
477 107
478 477
479 606
481 1039
483 98
487 276
489 197
489 197
490 458
487 494
496 87
504 192
507 252
506 500
508 313
509 203
513 801
516 517
524 483
525 649
526 259
529 709
530 458
533 65
533 65
532 473
538 264
545 29
553 784
552 805
555 336
558 319
561 399
561 589
566 834
568 550
571 697
569 1054
574 718
577 407
584 945
589 580
595 691
594 727
596 516
600 38
605 111
604 598
606 1007
613 247
615 600
621 957
622 419
622 464
624 741
636 320
640 988
639 1102
641 468
647 151
649 363
650 104
656 194
655 217
655 598
659 10
659 348
663 497
664 469
664 1097
670 268
676 1024
679 596
680 895
684 120
689 606
688 947
689 995
694 775
696 613
699 464
699 464
702 255
704 110
704 110
707 185
720 64
720 651
720 651
722 1049
733 651
745 389
745 965
748 925
749 1021
749 1092
750 1020
753 313
759 100
761 326
760 362
760 362
760 552
759 705
763 1017
771 226
777 119
780 557
783 980
784 1060
787 368
792 384
795 66
795 922
797 439
797 439
798 166
802 934
807 443
810 781
811 829
826 464
821 703
821 933
820 996
825 273
830 697
833 611
839 933
840 1080
842 364
848 464
849 959
854 69
854 1096
865 865
865 865
867 54
867 628
868 854
873 906
876 889
878 1048
884 1102
887 181
891 148
891 642
891 642
893 12
892 97
893 453
893 453
893 568
893 895
895 1092
898 133
899 1079
902 971
902 1037
904 810
905 1023
906 97
905 357
907 737
908 691
912 57
919 802
922 279
922 313
927 686
942 1077
945 487
945 735
945 971
946 682
949 124
948 500
951 1053
953 517
953 703
953 703
953 795
953 795
956 133
953 703
953 703
965 986
967 637
973 138
976 612
976 612
978 443
986 336
996 599
996 800
999 788
1000 748
1004 1041
1005 280
1006 582
1006 582
1008 997
1011 120
1012 663
1012 714
1015 575
1023 403
1027 325
1025 982
1029 382
1028 641
1031 18
1037 706
1039 656
1039 803
1040 718
1044 61
1044 422
1044 626
1053 401
1053 1034
1058 484
1058 484
1058 866
1065 356
1066 591
1069 202
1071 760
1075 82
1075 125
1075 125
1073 985
1080 949
1080 949
1079 976
1086 880
1089 530
1089 871
1090 307
1096 944
1099 319
1098 427
1100 867
1103 534
1103 695
1104 885
1108 1000
1111 945
1113 272
1113 595
1117 532
1118 899
1118 899
1119 44
1119 44
1118 135
1121 993
1122 31
1125 59
1128 72
1130 883
1133 789
1134 727
1137 612
1141 185
1140 935
1141 135
1142 362
1146 224
1146 224
1146 879
1149 151
1154 27
1156 861
1159 489
1159 550
1159 608
1159 733
1158 835
1158 902
1158 902
1166 13
1171 858
1172 906
1173 929
1183 465
1184 432
1184 432
1184 809
1184 809
1185 58
1187 612
1186 642
1188 843
1188 843
1189 147
1188 169
1188 383
1192 202
1193 398
1195 66
1194 594
1197 890
1195 976
1198 835
1200 215
1201 222
1202 702
1202 702
1202 856
1207 510
1207 510
1208 526
1212 950
1212 950
1214 100
1215 791
1216 977
1218 27
1219 809
1223 595
1224 325
1228 726
1230 1024
1232 868
1233 903
1233 903
1232 948
1235 183
1240 74
1241 227
1243 361
1244 65
1245 259
1252 44
1252 181
1252 431
1252 431
1253 721
1253 721
1254 669
1260 798
1267 264
1271 494
1270 751
1270 806
1272 310
1272 310
1273 318
1273 318
1272 357
1273 379
1273 379
1276 21
1277 515
1276 672
1280 914
1280 914
1283 505
1289 477
1290 745
1292 905
1296 508
1297 786
1299 34
1307 751
1311 923
1314 49
1314 845
1319 217
1318 734
1322 793
1327 427
1325 477
1331 530
1333 246
1332 784
1336 196
1337 717
1337 717
1339 267
1345 418
1347 1012
1348 378
1348 378
1350 356
1351 565
1351 565
1351 733
1352 952
1355 133
1354 930
1354 1001
1359 857
1362 147
1365 848
1368 642
1374 73
1377 621
1378 662
1379 152
1378 898
23 651
24 86
24 86
26 470
29 628
33 26
33 258
33 329
34 205
35 510
36 948
40 188
41 608
42 934
55 644
56 928
63 715
61 893
61 147
65 31
66 424
69 1008
75 17
79 94
78 651
79 692
79 692
79 692
84 455
86 814
92 153
95 49
99 708
115 155
113 362
118 625
127 118
157 900
160 147
165 1063
174 926
177 13
190 373
192 478
193 1062
201 490
229 845
237 914
240 257
240 257
245 333
249 960
249 960
264 297
265 379
287 781
288 932
288 932
291 23
292 900
295 448
297 1091
299 54
299 54
301 75
300 911
300 999
309 335
312 916
312 916
321 934
326 916
330 762
339 114
342 474
345 937
346 759
346 919
346 1097
359 921
365 451
377 66
384 394
386 564
387 705
390 579
394 717
398 264
399 840
429 625
428 812
432 764
440 829
445 121
446 67
450 580
469 96
477 338
484 27
493 581
498 793
501 225
500 723
502 147
503 1048
506 673
510 639
513 413
516 398
526 157
527 225
546 1098
546 1098
548 662
554 265
553 507
555 380
555 380
559 741
568 676
572 636
572 1043
578 780
583 819
589 759
596 241
598 570
600 806
603 495
602 530
609 466
612 126
619 235
629 540
629 779
631 413
634 497
635 346
637 527
649 314
663 535
665 594
665 594
673 487
679 250
682 133
689 529
688 1037
691 367
707 551
730 355
738 340
741 867
747 48
747 48
751 110
751 110
763 48
769 1004
768 62
773 686
773 686
790 569
795 882
795 882
801 367
805 652
805 652
811 949
820 918
835 708
835 708
836 1097
841 62
847 585
861 208
861 920
865 354
868 800
874 172
878 650
880 61
879 455
885 853
896 71
892 171
892 171
895 473
894 920
906 456
906 456
906 1052
911 942
911 942
915 1104
920 702
921 1089
923 718
923 718
926 110
930 129
929 812
940 1030
942 821
942 821
944 782
947 372
949 949
961 960
965 373
965 373
966 209
969 665
974 350
982 753
990 718
990 718
992 132
992 821
991 1019
992 731
992 991
1002 158
1010 142
1011 675
1018 37
1020 747
1022 367
1022 367
1022 733
1023 830
1023 830
1025 945
1026 550
1031 596
1033 343
1033 343
1039 637
1040 681
1039 832
1041 612
1043 586
1048 329
1050 601
1050 601
1053 670
1053 670
1064 738
1076 773
1080 675
1080 675
1078 1094
1083 599
1085 815
1090 470
1090 747
1097 638
1097 638
1099 457
1100 603
1103 682
1106 79
1108 245
1108 245
1115 728
1119 689
1119 689
1119 796
1121 702
1128 127
1135 421
1136 800
1139 576
1138 830
1143 209
1143 65
1148 48
1153 196
1150 648
1150 648
1153 335
1158 433
1171 566
1171 566
1172 786
1180 1092
1184 111
1186 879
1185 909
1187 624
1188 863
1188 863
1189 824
1189 824
1191 11
1192 545
1193 582
1193 740
1197 961
1197 875
1201 793
1202 1082
1205 689
1204 938
1207 627
1207 398
1209 724
1213 614
1215 823
1222 182
1223 498
1222 939
1224 854
1240 696
1240 696
1247 408
1247 408
1252 705
1252 705
1253 266
1253 266
1255 286
1264 47
1264 677
1264 677
1270 181
1271 294
1273 639
1273 639
1275 484
1278 1034
1287 252
1285 1021
1292 385
1294 337
1299 835
1303 193
1304 15
1307 520
1315 822
1326 98
1324 118
1324 720
1332 324
1332 690
1339 436
1351 778
1359 1021
1359 1021
1360 382
1363 42
1363 42
1365 749
1367 440
1369 732
1373 374
1375 108
1375 108
1376 871
1378 551
1378 551
1379 565
1387 120
12 22
13 73
17 45
16 283
16 283
19 196
33 282
50 513
54 761
60 323
76 373
79 706
91 490
93 511
101 336
131 39
135 210
135 451
135 451
147 493
159 5
159 5
160 541
172 572
199 124
210 914
210 914
210 914
241 290
243 501
245 10
250 348
250 348
255 234
255 269
255 367
255 367
254 410
253 627
263 729
268 654
272 470
273 512
277 363
291 370
293 719
300 616
311 649
311 514
312 725
319 227
323 320
344 280
377 115
381 795
384 923
393 444
402 120
404 489
454 654
469 39
473 1033
484 113
484 113
488 239
502 1048
501 148
507 688
518 237
520 265
520 430
530 285
532 725
533 1050
545 760
551 249
556 539
563 410
571 204
571 204
571 326
578 249
578 249
588 199
588 199
592 448
591 714
591 714
590 995
597 649
598 729
602 594
615 19
615 19
620 976
626 413
625 695
631 26
630 541
634 796
637 396
638 712
646 190
646 636
655 74
662 285
666 201
666 201
674 174
674 174
674 930
675 420
683 286
692 97
692 97
706 54
714 17
729 710
732 20
741 506
741 506
766 720
776 402
792 1045
793 40
794 416
794 416
796 664
803 900
819 732
819 288
825 901
825 901
832 159
830 861
838 919
838 919
844 692
844 692
868 694
887 693
892 657
893 103
891 946
891 946
897 843
905 20
905 20
908 914
922 659
925 1019
933 703
939 277
941 239
956 250
962 461
967 480
970 560
970 560
975 505
977 247
978 446
1010 677
1011 799
1012 1070
1012 1070
1021 387
1024 130
1037 377
1045 202
1059 988
1069 525
1071 138
1076 78
1077 503
1074 1009
1080 336
1091 108
1092 56
1093 349
1094 995
1095 730
1098 227
1108 701
1119 749
1119 749
1120 582
1120 582
1133 272
1138 36
1136 912
1144 711
1145 994
1156 281
1186 786
1187 929
1188 695
1190 326
1203 20
1212 591
1215 338
1220 413
1220 651
1221 674
1222 687
1224 891
1230 303
1231 780
1233 225
1237 673
1241 727
1242 210
1250 335
1252 544
1254 29
1264 560
1268 119
1274 994
1287 190
1288 310
1290 783
1296 160
1299 241
1305 325
1316 541
1324 486
1330 623
1335 583
1343 394
1345 472
1345 472
1345 472
1356 279
1358 587
1358 587
1370 658
1378 615
1379 725
1386 311
1387 688
45 90
63 353
63 353
64 782
71 149
79 400
89 762
98 99
98 250
96 292
116 319
135 905
139 137
147 494
151 180
181 148
198 839
223 882
246 10
249 210
252 923
252 923
270 425
301 496
311 416
321 109
321 319
356 696
387 19
406 513
415 608
426 91
426 772
436 673
441 602
453 653
460 236
482 14
482 14
494 820
495 758
504 721
512 291
516 535
524 771
537 551
563 411
565 673
572 328
572 616
583 959
588 21
593 854
605 831
618 42
646 191
653 24
667 520
667 520
672 989
695 443
700 230
706 54
715 972
715 972
737 1030
741 504
758 607
758 607
767 424
772 999
777 350
805 900
819 880
823 682
838 1026
852 510
851 900
880 63
884 1005
884 1005
890 133
895 750
900 44
907 146
930 522
930 749
929 924
933 704
938 460
943 1001
943 1001
956 357
967 481
981 203
1003 1052
1014 1071
1014 1071
1051 894
1057 1030
1060 989
1070 102
1067 822
1076 504
1086 922
1088 791
1088 791
1092 659
1103 839
1103 839
1110 143
1113 17
1112 97
1118 920
1118 748
1118 748
1127 212
1137 540
1151 922
1152 626
1177 971
1190 563
1190 563
1189 674
1203 885
1203 885
1207 839
1207 839
1213 919
1216 649
1217 1032
1231 112
1248 914
1253 103
1267 787
1276 660
1282 134
1281 234
1286 548
1286 216
1312 412
1328 120
1344 349
1362 518
1360 1043
21 31
30 590
31 743
46 423
45 460
45 488
104 391
122 659
152 41
162 942
163 102
170 885
180 33
180 33
179 178
193 450
193 450
193 450
203 815
238 952
270 884
280 573
289 332
290 918
292 683
313 70
324 687
342 81
356 956
370 888
398 94
417 903
421 704
442 390
508 52
511 112
513 576
513 576
540 398
568 774
590 670
612 159
639 371
665 447
673 152
678 97
679 345
687 182
688 903
731 925
731 925
751 37
768 1027
768 1027
773 101
780 903
789 706
828 783
852 574
894 113
899 776
937 458
978 535
991 431
991 431
1049 799
1066 368
1071 876
1138 108
1139 974
1139 974
1142 166
1148 380
1149 569
1149 569
1148 673
1146 780
1146 780
1157 340
1167 146
1167 146
1196 462
1207 90
1225 804
1242 248
1247 280
1247 280
1255 612
1255 612
1261 518
1269 819
1303 671
1311 906
1364 11
1365 807
1365 807
1373 724
1371 1066
28 591
34 881
69 960
69 960
83 328
114 29
114 29
116 230
265 246
298 953
313 375
329 290
335 925
340 889
348 814
345 858
398 288
450 1013
450 1013
464 145
463 314
463 314
465 410
508 47
539 57
617 641
653 545
652 1025
688 498
749 840
758 21
767 453
780 856
807 241
824 456
837 652
920 70
922 774
925 969
964 914
967 941
972 1066
991 390
1001 688
1005 928
1038 904
1048 849
1084 610
1104 715
1125 775
1175 186
1188 360
1208 603
1209 768
1216 196
1216 196
1239 842
1241 888
1294 47
1300 863
1306 740
1340 157
1344 548
70 199
80 497
80 497
120 529
268 986
402 287
420 474
504 168
509 459
643 254
645 1013
755 540
822 569
852 773
881 160
879 927
933 682
970 521
970 521
971 1063
995 762
1033 965
1087 564
1092 1067
1104 407
1209 603
1251 596
1264 17
1262 1020
1285 934
1294 46
1314 433
1328 938
1338 151
1346 666
1345 873
11 959
103 39
115 98
120 862
254 357
292 308
328 559
395 633
424 986
443 873
451 689
451 689
493 275
505 865
505 865
505 1038
546 997
588 65
700 745
804 50
835 96
884 555
903 279
960 799
1013 253
1013 253
1017 467
1041 417
1073 1014
1073 1014
1119 138
1165 58
1231 958
1268 529
1297 580
1297 580
1311 984
89 1008
129 158
154 710
210 66
461 620
487 535
625 425
633 330
653 71
692 751
803 706
849 405
849 405
1024 58
1024 58
1104 626
1154 515
1292 710
71 667
167 819
180 918
363 383
565 497
855 8
959 114
959 114
958 616
28 294
321 61
338 925
566 260
724 386
791 499
791 499
818 303
818 303
848 913
981 878
1015 769
1055 529
215 806
215 806
603 922
816 253
816 253
912 386
653 635
615 246
1070 393
1070 393
287 373
