1321
1296 258 1148 258
1248 950 1074 1009
859 483 791 499
1375 658 1276 660
636 436 497 436
621 860 443 873
1160 582 1159 608
968 949 811 949
906 403 776 402
783 882 592 883
1166 82 1041 83
457 64 377 66
676 548 537 551
966 378 792 384
763 120 684 120
1367 788 1267 787
749 343 635 346
1199 980 984 979
1351 658 1251 660
216 989 36 989
461 551 328 559
93 73 13 73
517 908 337 908
863 296 729 297
729 221 611 221
759 160 680 160
751 320 636 320
1062 852 885 853
744 637 660 616
428 591 286 591
1019 1098 804 1099
393 387 250 384
1087 437 934 437
556 107 477 107
1320 810 1219 809
1302 689 1205 689
356 804 167 819
209 167 129 166
1017 443 894 443
517 908 337 908
411 932 307 903
286 153 160 147
965 788 828 787
1048 702 920 702
741 37 621 37
477 911 300 911
439 393 294 394
1302 413 1123 414
995 562 842 614
961 225 816 253
97 44 17 45
1202 17 1113 17
194 29 116 29
239 146 160 147
963 961 805 961
1063 838 887 838
1310 388 1133 389
490 810 348 814
1107 432 955 433
1004 365 1002 372
497 73 417 74
753 844 568 845
1313 56 1219 56
108 356 10 357
113 329 33 329
194 516 91 516
1371 804 1270 806
1299 702 1202 702
446 103 367 103
463 902 288 902
760 832 605 831
1310 388 1133 389
216 1036 32 1039
732 129 612 126
944 766 809 766
431 397 288 399
1009 82 925 81
960 193 1369 278
1289 843 1192 843
1220 166 1068 166
944 766 809 766
961 225 816 253
99 195 19 196
438 1096 231 1094
597 857 418 858
1353 667 1254 669
115 387 13 388
1102 806 960 799
1257 56 1165 58
892 835 341 817
382 914 210 914
174 415 73 415
1185 677 1092 677
1145 527 1054 528
379 555 239 555
371 911 180 918
650 1025 473 1033
1371 751 1270 751
930 960 743 959
1188 697 1094 697
892 836 341 817
951 1023 787 1024
1299 792 1201 793
1230 891 1051 894
1037 432 1323 473
477 737 334 738
193 1041 6 1041
1142 463 992 463
254 913 1290 1007
1355 21 1264 17
1294 672 1197 673
304 901 135 905
1302 627 1207 627
1053 718 923 718
21 13 518 28
598 103 519 103
1035 690 908 691
1060 762 924 763
357 80 276 79
1340 335 1161 334
1345 1011 1175 1010
1283 147 1189 147
700 432 621 432
1302 746 1204 747
746 796 587 798
1288 652 1191 651
346 699 160 700
770 57 691 57
1148 915 963 915
33 925 1098 923
1102 35 973 36
437 450 295 448
1058 561 970 560
797 7 718 7
42 859 1344 823
458 584 319 583
1092 592 1003 592
1302 746 1204 747
1350 348 1174 350
446 103 367 103
1310 589 1212 591
678 203 559 204
1087 942 911 942
892 963 697 963
1058 561 970 560
929 389 800 389
578 122 500 123
1363 676 1264 677
382 914 210 914
1153 574 1061 574
463 885 270 884
1189 658 1092 659
1287 886 1189 886
1275 117 1181 119
1327 567 1229 567
197 1021 11 1021
1203 829 1034 830
690 820 529 820
549 96 469 96
466 917 290 918
1294 484 1117 484
1351 912 1251 912
1337 352 1159 351
971 652 805 652
1380 171 1284 171
1310 264 1162 264
517 795 381 795
382 914 210 914
145 517 45 517
1003 664 885 665
796 376 684 373
1158 79 1033 79
918 984 730 983
1144 340 1023 339
955 188 872 189
1010 641 891 642
863 545 1186 547
949 514 865 515
825 728 732 722
1236 881 1058 883
1363 676 1264 677
563 474 420 474
756 80 677 80
1327 567 1229 567
1081 424 928 424
1313 823 1215 823
755 378 690 421
1371 20 1276 21
1305 839 1207 839
392 816 203 815
464 52 384 52
1089 578 999 578
981 400 849 405
1278 1000 1108 1000
1217 904 1038 904
194 961 10 962
1324 18 1232 19
199 744 17 744
1213 583 1120 582
685 1033 505 1038
1315 852 1216 853
128 426 29 426
1148 540 1058 541
911 441 807 443
1384 800 1284 801
902 104 768 103
406 396 263 396
548 753 419 754
738 41 618 42
811 19 1045 8
988 97 906 97
762 1098 1078 1094
1357 639 1258 639
1384 800 1284 801
652 412 513 413
718 740 559 741
732 17 615 19
1366 181 1270 181
886 110 751 110
1010 641 891 642
1097 413 945 414
187 523 85 524
1095 713 1005 714
946 1027 768 1027
1080 415 928 413
1081 878 903 878
385 64 308 64
1376 1091 572 1043
594 826 440 829
114 426 15 426
919 927 982 923
462 987 268 986
725 728 566 729
467 909 291 910
381 75 301 75
413 509 273 512
32 724 525 649
689 486 610 486
1079 698 955 734
557 744 430 744
1203 603 1110 603
1379 287 1282 288
1021 897 870 897
1063 689 935 689
202 849 17 851
1110 927 929 924
561 52 482 52
487 1008 297 1011
1213 583 1120 582
520 695 386 696
696 823 535 824
816 943 620 943
1244 188 1092 188
794 906 600 906
557 385 412 385
430 345 284 346
418 629 276 629
955 891 805 891
1356 415 352 323
766 981 572 981
1064 440 813 373
1287 503 1110 503
466 917 290 918
1288 416 1108 417
518 888 340 889
732 17 615 19
553 220 409 220
1281 48 1189 49
849 774 747 794
783 991 134 984
1053 718 923 718
143 361 43 361
901 105 768 103
428 591 286 591
712 39 591 39
429 391 286 392
1148 934 965 934
533 923 338 925
1385 816 1284 816
486 573 346 573
1136 1089 921 1089
970 907 817 908
451 727 309 727
464 686 324 687
526 718 394 717
1296 835 1198 835
1279 929 1122 929
423 681 281 682
368 110 290 108
1193 458 1045 458
87 129 8 129
746 352 632 353
205 1032 21 1032
545 219 401 219
1014 126 930 129
1187 928 1005 928
186 126 106 127
1331 182 1235 183
892 881 698 881
427 951 238 952
1321 1095 1109 1096
183 40 103 39
231 1004 54 989
473 612 335 612
200 826 15 826
220 136 139 137
1308 245 1160 247
603 313 463 314
561 1079 1186 1077
1089 426 936 427
508 107 428 107
1371 503 1199 504
1218 567 1125 567
1348 734 1248 734
390 733 201 734
1158 79 1033 79
201 534 98 535
815 934 620 935
270 55 190 54
171 490 70 490
644 501 506 500
1295 776 1197 777
1313 87 1220 87
330 732 142 733
1192 830 1023 830
1124 940 1020 939
403 358 287 373
1384 711 1284 711
133 264 52 265
342 908 172 906
903 1009 710 1012
994 390 868 391
566 471 422 473
782 874 592 874
1011 831 868 831
1364 264 1267 264
946 1027 768 1027
1244 188 1092 188
623 30 545 29
1276 111 1184 111
835 439 753 440
535 60 456 61
341 883 170 885
547 764 419 765
739 163 660 164
1192 830 1023 830
636 435 497 436
800 880 608 880
743 1048 481 1039
535 109 455 110
782 874 592 874
1054 686 927 686
150 354 49 354
516 222 371 223
292 858 120 862
146 413 46 414
1146 913 964 914
1131 809 993 810
485 556 346 557
497 779 357 780
1370 805 1270 806
124 459 23 460
1244 744 1148 744
813 133 87 169
172 390 71 391
755 153 676 154
977 960 818 960
1136 1102 915 1104
1181 987 965 986
823 239 619 235
791 915 598 915
579 352 436 352
840 946 643 947
425 444 281 444
1321 360 1142 362
786 49 708 49
101 119 21 119
683 255 564 256
625 277 487 276
1383 40 1288 40
1299 702 1202 702
910 992 719 994
1375 272 1278 271
107 1097 836 1097
557 85 476 83
1249 739 1153 739
347 541 160 541
329 63 249 63
487 281 344 280
867 1049 652 1025
749 229 669 230
1098 639 1008 640
721 40 600 38
526 936 345 937
594 355 454 355
967 880 819 880
1331 198 1236 199
1054 412 900 415
567 714 438 719
1147 580 1056 579
949 1050 771 1050
539 400 394 401
1361 625 1262 625
588 354 447 355
215 845 30 845
390 72 310 73
1220 567 1125 567
472 12 392 11
752 25 631 26
1300 986 1130 986
960 874 811 875
1372 640 1273 639
1328 167 1234 167
330 760 129 749
471 1047 279 1048
566 440 422 440
1336 357 1159 358
591 349 450 349
446 37 367 37
558 121 479 121
903 1009 710 1012
242 102 163 102
1371 105 1276 104
1317 632 1220 632
659 482 524 483
439 661 298 662
264 75 187 76
737 795 578 795
1186 683 1093 683
1130 41 1004 41
817 957 621 957
883 919 687 919
331 581 143 578
1272 43 1181 43
1316 973 1152 973
1291 1095 1081 1095
1316 821 1218 820
970 989 808 989
329 533 141 533
567 422 423 422
880 1006 684 1006
1293 497 1117 499
447 1021 266 1028
930 366 801 367
229 1043 49 1042
1324 112 1231 112
1191 981 976 981
1293 882 1194 882
726 234 608 234
1077 514 988 514
257 129 178 129
1244 744 1148 744
977 901 825 901
626 534 487 535
196 98 115 98
430 581 290 581
743 1048 558 1048
490 915 312 916
1028 711 899 711
910 1036 719 1036
779 963 583 959
1304 991 1135 991
884 946 688 947
917 367 787 368
1037 1026 872 1027
346 541 160 541
996 875 848 875
459 1029 266 1028
210 1005 27 1006
342 908 172 906
977 901 825 901
1293 816 1196 816
491 81 412 83
427 29 348 30
1107 77 831 70
1028 711 899 711
187 64 108 64
487 759 346 759
514 924 335 925
407 379 265 379
683 255 564 256
1132 1048 917 1049
1018 1086 800 1059
1096 645 1006 645
325 583 139 583
217 166 138 166
395 348 250 348
1215 623 1121 623
953 828 811 829
1207 958 1025 958
834 371 1051 299
513 47 433 48
195 203 115 203
1308 99 1214 100
973 918 820 918
441 724 299 725
154 501 54 502
83 94 2 94
768 204 1002 158
1064 1037 855 1036
284 341 97 341
1375 672 1276 672
705 759 545 760
533 212 390 211
941 372 813 373
483 951 298 953
713 241 596 241
706 720 547 720
1114 289 1013 288
340 1052 162 1053
680 326 591 353
1238 47 1148 48
1289 488 1112 486
139 49 59 50
1185 1041 969 1042
1308 952 1146 951
1275 1069 1092 1067
443 547 302 548
1306 693 1209 693
493 696 356 696
1268 945 1111 945
313 10 233 11
1378 745 1278 744
510 268 365 268
666 1056 162 1033
747 180 668 181
337 628 149 629
210 851 25 852
175 210 95 211
463 356 318 354
148 61 69 61
522 705 387 705
916 355 786 355
500 933 321 934
608 14 529 15
1171 978 955 977
899 1030 706 1030
391 1055 210 1056
1010 875 863 875
535 727 404 727
704 224 586 225
84 93 2 94
1051 368 897 368
218 879 35 880
1101 443 950 444
1377 797 1277 797
162 401 62 400
1180 925 996 925
255 1022 98 1022
483 719 342 719
1360 990 1189 991
887 863 694 864
1308 238 1159 239
500 656 363 659
1145 926 962 927
1231 907 1052 908
1316 785 1218 785
339 639 153 642
291 66 210 66
690 726 532 725
243 55 164 56
603 87 524 87
202 991 19 991
975 933 821 933
1277 99 1184 99
276 964 110 964
168 211 88 211
163 478 62 478
779 944 584 945
1055 336 900 336
1207 680 1113 680
124 198 43 199
1224 32 1134 33
585 388 442 390
303 821 131 816
172 462 71 463
955 840 812 840
662 1037 473 1033
753 93 674 93
283 951 117 950
215 643 111 644
1283 496 1105 495
484 828 342 828
834 827 734 827
924 1031 737 1030
113 282 33 282
453 1063 265 1062
456 335 309 335
730 799 570 799
529 1072 335 1071
327 24 246 23
743 265 615 246
965 122 883 121
538 291 398 288
1323 577 1226 577
893 907 699 907
1015 574 894 573
1289 488 1112 486
215 845 30 845
1163 1087 947 1087
712 111 592 113
840 1004 645 1013
1324 18 1232 19
1357 908 1257 908
976 947 820 946
1230 1090 1021 1090
1197 10 1108 9
1096 645 1006 645
1241 620 1147 620
1204 129 1082 130
883 1037 688 1037
1182 1094 966 1093
780 83 701 83
1313 1016 1142 1017
626 920 440 921
490 915 312 916
1323 577 1226 577
1157 1076 942 1077
836 365 753 313
169 59 91 60
992 1036 855 1036
1216 7 1127 6
209 640 106 640
1240 1089 1031 1090
976 186 892 187
615 514 474 514
1289 802 1192 802
163 503 62 503
1065 630 976 631
1368 36 1273 37
651 695 484 764
1354 38 1260 38
532 699 400 698
982 907 829 907
325 583 139 583
698 573 542 573
538 955 356 956
125 90 45 90
1013 122 929 122
329 983 161 983
121 156 41 156
546 502 403 502
134 257 54 258
1268 935 1111 936
488 854 315 854
132 173 52 173
1373 760 1273 760
434 1076 1359 1062
571 552 430 553
1287 431 1108 430
1166 934 983 935
1153 35 1056 63
706 584 551 584
753 114 674 115
1292 993 1121 993
556 44 477 45
213 1047 28 1048
803 888 611 889
760 1041 572 1043
1123 392 1001 393
434 36 355 35
1152 679 1011 670
302 48 222 48
615 218 480 210
166 104 87 105
1363 118 1268 119
1360 164 1265 164
340 1052 162 1053
441 615 300 616
1316 805 1218 805
1202 677 1107 678
417 327 272 328
1207 680 1113 680
871 1023 676 1024
968 1044 792 1045
893 101 759 100
193 885 10 886
790 68 711 69
996 1059 812 1060
724 716 566 717
187 64 108 64
1301 856 1202 856
1173 932 989 932
1077 627 987 627
633 651 728 670
526 766 392 766
1320 178 1226 178
1254 93 1161 94
364 36 285 36
946 847 803 847
753 1054 569 1054
891 1019 696 1020
434 13 354 14
314 80 234 80
470 826 327 826
265 933 99 934
1272 112 1180 112
989 1074 793 1073
498 282 354 282
745 723 592 725
852 727 751 728
1140 1064 925 1064
526 1007 347 1007
172 497 71 498
328 916 159 917
521 50 442 50
605 831 449 832
575 87 496 87
165 441 64 441
491 1037 299 1036
603 313 463 314
1010 1052 821 1053
683 771 524 771
1017 988 854 988
913 896 724 896
177 506 75 506
576 48 496 48
969 907 817 908
114 205 34 205
706 417 627 418
996 1072 803 1072
1029 44 900 44
560 405 415 406
1000 1053 821 1053
1245 27 1154 27
1381 51 1286 52
1097 930 916 930
911 1049 722 1049
529 78 450 78
1300 1017 1130 1017
965 798 826 799
335 51 256 51
498 1014 322 1015
1342 222 1246 222
625 278 487 276
1059 367 904 367
1083 540 994 541
852 727 751 728
1282 130 1189 131
173 153 92 153
975 861 830 861
1378 4 1284 4
1297 846 1199 846
632 921 446 923
799 1006 606 1007
459 29 378 29
969 805 829 805
839 822 739 822
657 397 516 398
490 1037 299 1036
424 1024 165 1020
477 9 398 8
257 37 178 38
870 986 672 989
990 1052 810 1052
990 117 907 117
596 95 516 96
148 208 68 209
1198 639 1104 639
371 69 290 68
686 663 528 664
1260 1027 1089 1027
1312 640 1214 641
153 1064 14 1057
408 1015 165 1020
867 1038 671 1038
871 301 739 300
102 18 23 18
988 168 905 168
1199 927 1016 927
345 88 265 89
1370 519 1199 519
710 637 553 637
1281 1028 1111 1028
107 178 27 179
660 720 504 721
348 81 268 81
1070 606 981 607
919 892 731 893
1314 994 1145 994
1035 20 905 20
232 158 153 158
550 923 368 923
1300 656 1203 656
878 108 743 109
540 151 400 152
689 576 532 576
129 132 49 133
648 736 489 736
618 916 159 956
1317 738 1219 738
357 938 185 939
784 74 705 75
1166 1070 950 1070
777 1004 584 1004
1057 610 968 610
1218 71 1128 72
1015 919 861 920
137 40 57 38
1262 932 1106 932
1316 805 1218 805
160 179 79 178
348 65 269 66
324 1033 162 1033
1271 83 1179 83
1059 367 904 367
608 983 424 986
1231 567 1138 567
1363 801 1263 802
1108 956 927 955
1317 738 1219 738
541 68 461 68
799 994 605 995
636 798 479 796
236 136 156 136
87 96 7 96
128 38 49 39
566 482 423 482
1173 932 989 932
134 18 54 17
566 923 384 923
1208 1005 993 1005
156 366 54 366
382 53 302 53
598 1001 415 1002
117 6 38 6
1223 600 1129 600
626 959 440 960
143 291 63 291
1276 127 1183 126
434 13 354 14
599 571 459 571
698 591 542 592
1035 966 875 967
533 244 388 244
684 624 527 625
1201 582 1108 582
1358 686 1259 686
1301 1007 1132 1006
723 817 562 818
451 548 311 549
601 903 417 903
141 148 61 147
371 12 292 12
653 757 495 758
1080 67 994 151
415 1000 243 1000
638 1040 208 1023
604 463 461 463
1146 630 1054 630
518 68 439 68
1116 898 934 898
1159 930 975 930
1363 617 1265 618
167 169 87 169
1378 863 1278 863
130 81 50 82
1234 737 1138 737
1156 1030 940 1030
357 994 188 992
521 97 442 97
872 930 674 930
1056 636 967 637
1086 599 996 599
1312 26 1218 27
735 800 575 800
381 958 210 959
380 682 191 682
629 541 490 542
1210 642 1116 641
1186 943 1003 943
1128 906 945 906
991 919 838 919
1300 90 1207 90
1042 57 912 57
127 355 27 356
1233 65 1143 65
611 33 533 33
550 923 368 923
194 85 114 85
795 1037 604 1037
484 902 307 903
672 794 511 794
476 562 338 563
1321 158 1227 158
549 511 406 513
282 803 96 804
884 1025 688 1025
1118 399 997 400
566 120 486 121
502 717 365 717
1304 161 1211 161
1215 59 1125 59
1197 950 1014 950
562 14 482 14
889 896 695 896
1306 645 1209 645
1360 253 1264 254
1118 928 936 928
626 959 440 960
999 149 915 150
554 1056 373 1056
474 903 297 903
768 687 689 687
272 899 106 900
837 988 640 988
1045 686 918 687
199 581 13 582
552 911 370 912
178 234 98 234
508 719 370 720
715 1048 533 1050
1098 70 998 87
660 958 472 959
656 732 498 733
538 558 397 558
222 65 143 66
1360 24 1266 24
176 425 74 425
1352 251 1256 251
177 180 97 181
530 268 386 267
781 37 702 37
281 196 320 116
327 1018 165 1020
568 345 424 345
1248 935 1092 935
388 967 215 967
1331 47 1237 47
991 919 838 919
309 113 229 114
421 73 341 73
342 906 172 905
1207 596 1113 595
575 279 432 279
1180 829 1011 829
474 655 335 656
817 977 620 976
236 136 156 136
1155 903 971 904
371 77 291 78
719 416 639 415
498 87 418 87
1085 635 995 636
1235 81 1144 82
319 924 150 925
1347 181 1252 181
990 356 776 339
240 23 161 23
1229 747 1133 747
974 840 830 840
1156 924 972 924
808 1042 617 1042
162 529 61 529
1361 263 1265 263
596 40 517 40
576 47 496 47
1166 1053 951 1053
266 123 186 123
685 670 528 671
1115 107 986 80
1227 36 1138 36
313 99 233 100
213 172 133 172
690 695 531 695
576 97 497 97
1378 745 1278 744
982 819 840 819
108 167 28 166
473 72 394 72
717 731 557 731
856 970 658 970
627 494 487 494
613 467 471 468
1376 259 1279 258
537 1023 361 1024
1192 674 1099 674
1235 81 1144 82
345 925 174 926
1073 560 984 560
479 35 399 34
332 942 162 942
1256 12 1166 13
611 33 533 33
1167 915 983 915
995 960 837 960
1311 629 1214 629
321 72 241 71
379 54 299 54
210 88 130 88
326 900 157 900
995 960 837 960
1148 906 964 906
328 916 159 917
1071 567 983 567
594 51 515 52
964 71 831 70
377 71 297 71
1283 10 1191 11
846 433 785 347
574 105 495 106
434 628 293 627
1166 923 982 923
1366 149 1271 149
998 840 854 840
263 982 98 983
240 834 55 834
550 934 368 934
896 340 765 340
149 219 69 219
496 324 352 323
885 995 689 995
1155 903 971 904
391 992 220 992
1222 82 1132 82
699 777 538 777
296 120 216 120
1062 540 973 540
291 62 211 63
1065 622 976 622
1349 102 1253 103
783 58 704 58
1125 407 1004 408
1034 124 949 124
1019 103 934 103
1239 732 1144 732
604 1037 208 1023
1321 158 1227 158
1181 900 997 900
706 662 548 662
456 629 316 629
1299 825 1201 826
781 37 702 37
132 241 51 240
787 1048 599 1049
713 669 555 669
471 95 392 95
326 41 247 41
282 803 96 804
1320 585 1223 585
377 13 298 14
415 353 271 354
1202 911 1019 912
1241 655 1146 655
1123 372 1002 372
387 1066 207 1066
300 991 134 991
683 801 521 801
1080 563 991 563
678 724 518 724
609 6 530 6
816 79 320 116
215 845 30 845
686 790 526 791
439 73 360 73
485 79 405 79
1053 540 965 540
575 1001 394 1004
873 998 676 998
1106 897 924 897
552 268 410 268
428 72 348 72
1195 911 1012 911
156 294 76 294
1332 156 1238 157
580 1049 162 1033
1000 112 916 113
1219 26 1130 27
516 998 338 999
531 905 351 906
113 258 33 258
1348 204 1253 204
1211 35 1121 35
1083 585 994 586
1057 610 968 610
562 14 482 14
1219 26 1130 27
414 29 335 29
154 114 74 114
1335 8 1241 8
1359 47 1264 47
982 811 841 811
872 872 678 872
979 352 769 323
414 29 335 29
111 141 31 142
1271 72 1178 72
523 563 386 564
983 996 820 996
159 135 79 133
285 70 205 70
887 905 692 906
291 980 125 980
562 100 482 101
531 905 351 906
994 933 839 933
1148 906 964 906
658 792 498 793
204 783 18 784
1081 621 992 621
518 60 439 60
619 476 478 477
850 1028 654 1028
120 188 40 188
887 905 692 906
869 285 736 285
200 151 119 151
1207 660 1113 660
324 6 244 6
132 107 52 108
515 38 435 40
347 98 267 99
1318 38 1224 39
350 996 182 998
1278 58 1185 58
987 839 843 840
224 6 144 7
1299 37 1206 38
178 116 98 117
1297 30 1204 30
194 109 114 110
422 63 342 62
582 1008 400 1008
1134 906 951 906
1358 888 1257 888
324 1005 159 1006
467 19 387 19
914 338 784 339
592 60 513 61
462 76 383 76
485 556 346 557
1234 38 1144 39
509 999 331 999
713 806 552 806
1234 641 1139 641
359 1020 208 1023
300 1017 138 1018
956 171 874 172
1355 188 1260 188
1287 60 1194 61
588 998 406 998
333 841 170 841
607 14 529 15
302 984 134 984
468 59 389 59
292 960 125 961
508 1011 331 1011
348 35 268 35
1233 596 1139 596
158 7 79 8
1234 641 1139 641
361 8 282 8
517 26 438 26
552 911 370 912
474 43 395 43
285 70 205 70
150 149 71 149
682 648 525 649
1209 43 1119 44
584 101 505 101
705 735 545 735
329 63 249 63
1162 299 1041 299
1246 17 1154 18
387 47 307 47
682 101 561 100
176 200 97 200
548 38 469 39
657 661 500 662
696 657 537 657
515 918 336 919
146 91 66 91
331 107 251 107
194 85 114 85
370 22 291 23
679 663 521 664
132 173 52 173
685 741 525 742
605 998 421 999
685 593 529 593
1218 592 1125 592
686 775 525 775
450 620 309 621
708 425 629 425
139 132 59 132
515 918 336 919
1339 16 1245 16
1295 20 1203 20
484 902 307 903
974 148 891 148
1358 873 1258 873
352 897 182 897
1009 110 926 110
287 6 207 6
682 101 561 100
139 95 59 95
685 762 525 763
248 23 169 24
154 17 75 17
1360 720 1260 720
1288 65 1195 66
527 919 346 919
599 58 520 58
867 946 669 947
588 1049 162 1033
603 64 524 65
825 1014 630 1014
787 81 708 81
1345 42 1251 42
1035 20 905 20
225 842 41 843
706 729 547 729
699 669 541 670
217 148 137 148
1223 8 1133 8
1292 8 1199 8
544 16 465 16
527 578 390 579
589 1059 405 1060
251 65 171 65
671 730 512 731
1209 43 1119 44
484 63 404 63
694 797 533 798
159 93 79 94
232 91 152 92
200 1057 14 1057
1351 45 1257 45
217 16 138 16
338 1004 171 1004
137 139 57 140
131 219 51 219
1243 55 1152 55
159 106 79 107
597 28 518 28
525 997 347 998
540 921 359 921
741 37 621 37
1266 77 1173 78
278 61 198 62
1173 299 1051 299
611 997 427 998
515 1005 337 1005
293 976 127 977
302 10 223 10
506 77 426 77
617 17 538 17
1346 44 1252 44
128 112 48 113
1225 15 1135 16
539 78 459 79
407 989 235 990
525 66 446 67
148 137 68 137
503 312 358 312
256 13 177 13
104 250 24 251
1024 12 893 12
678 724 518 724
601 46 522 46
548 489 404 489
879 295 746 295
702 663 544 663
158 135 78 135
740 451 661 452
521 50 442 50
1341 96 1246 96
238 65 159 65
1102 886 920 886
1372 203 1276 202
1292 8 1199 8
582 19 503 20
862 967 664 968
1339 113 1244 113
272 69 192 69
1069 600 980 600
515 34 436 34
674 700 515 701
535 23 456 23
542 264 398 264
1318 116 1224 116
1267 53 1175 53
1111 887 929 887
215 23 135 23
1334 74 1240 74
139 114 59 114
1158 307 1037 307
597 70 518 70
510 566 372 566
1165 887 981 887
325 10 245 10
211 38 131 39
401 988 229 988
1336 41 1242 42
1373 241 1277 242
754 437 675 437
1339 64 1244 65
383 1023 217 1023
1362 116 1267 116
1360 243 1264 243
713 806 552 806
526 22 447 22
581 999 399 999
605 30 526 30
132 107 52 108
139 114 59 114
144 31 65 31
1047 565 959 565
95 97 15 98
232 41 152 41
529 56 450 57
259 33 180 33
259 33 180 33
162 81 82 81
374 1022 208 1023
272 69 192 69
104 96 24 96
105 238 25 238
1189 886 1005 886
1120 886 937 887
1145 887 961 887
